-1 73 -32 -60 -81 -26 -82 -72 79 22 -36 3 -70 82 18 63 38 64 -16 -8 -46 -16 68 48 -81 10 46 30 -5 -83 18 95 27 98 58 61 50 -44 95 37 -18 45 -8 14 -14 35 89 62 31 59 -2 7 93 -21 95 10 42 100 -99 -32 67 18 1 28 25 20 -76 -90 79 -47 -17 84 -98 -93 -19 -1 -14 48 -41 97 96 -50 -56 -89 -15 17 59 36 97 93 -77 2 83 -86 68 -9 -28 -97 32 10 
65 93 7 86 23 81 46 -23 2 -97 -95 28 -58 -73 48 89 35 -90 -83 -51 -74 81 35 26 82 -40 -63 92 -84 48 -76 49 -65 68 -100 91 -98 -70 97 35 77 -16 -19 -22 -45 -86 -44 -94 5 -28 -34 50 -84 -100 65 96 75 99 -100 -53 83 41 -64 59 -89 11 -48 79 -34 34 -79 4 -25 -68 22 91 -85 23 50 -58 86 -94 -2 42 97 43 -59 35 68 29 -73 -21 8 -27 -67 -94 -29 -1 -1 62 
-47 -75 -92 -98 -96 -61 20 8 49 71 -21 66 58 -89 -15 -86 48 -73 -11 -77 36 56 85 19 -29 81 -50 76 -4 51 77 -68 -19 -57 26 24 26 -15 73 -74 -63 93 86 90 -36 -82 70 81 90 33 -94 -26 38 -57 -73 9 48 -42 97 95 -96 16 -70 -2 33 -81 -62 -13 -84 7 9 7 -60 93 -1 29 58 28 -47 -97 90 -67 -23 -14 -87 -82 45 -14 -98 -73 74 -10 39 -97 -40 19 -28 -34 1 47 
-17 -69 -14 61 -51 13 -67 -57 17 -81 68 -12 -36 -31 -78 -45 72 -78 29 -90 -30 86 54 -86 38 -8 11 -21 -91 -48 60 24 -3 -83 46 -45 12 -36 -25 -46 -40 -51 13 40 89 21 21 -83 43 38 -55 74 0 -64 1 94 52 5 26 -14 -37 86 4 -73 52 -8 -65 -68 -19 84 33 1 90 44 -3 16 58 -90 -13 -30 59 12 -88 -78 -75 64 -38 -16 87 -44 87 92 32 53 74 -15 6 -54 -19 15 
33 -86 -12 77 -24 40 -73 -80 79 -87 -94 99 8 -24 83 -52 -71 94 54 4 -38 37 45 99 13 -11 9 -60 -51 -35 6 36 -89 -99 65 -83 -40 1 9 -17 -31 -37 -45 94 68 -29 -32 81 -6 92 83 -35 -6 -82 30 50 85 -97 73 -12 -59 -23 24 -41 81 65 -48 -34 82 -24 43 90 77 -24 -63 -61 98 90 2 -82 31 88 94 -11 -6 71 -11 5 71 -100 -95 49 -76 -46 87 -67 56 49 -58 -94 
65 26 28 17 -85 38 39 71 -69 -11 50 72 60 -26 63 93 -71 -53 -70 56 46 74 -6 33 -85 -59 44 26 -92 30 75 65 63 -83 -44 -30 96 -26 78 -61 61 -30 -9 -38 65 -94 59 -45 -92 -36 -76 94 -33 86 -43 81 63 -19 38 -11 -58 17 -93 -29 12 -92 60 63 -78 -14 -97 40 37 -100 35 39 59 47 3 -38 82 -57 -30 -3 28 -51 68 12 50 80 -35 21 -38 61 -38 -27 -63 -2 38 39 
57 57 95 -58 -86 49 92 32 56 -69 -95 73 -74 -87 -70 -80 12 -37 -40 50 -43 67 -56 -87 -32 1 -23 -95 63 69 93 -6 81 -73 31 -43 91 55 32 -77 -10 -78 37 -80 -35 -15 -89 29 -13 82 22 47 -14 -59 -88 -42 -56 -41 -14 -92 -65 83 84 -83 58 0 -12 -98 -87 -14 -52 23 -17 16 -89 -78 14 -51 87 -86 -74 70 -32 -51 -2 80 25 29 86 -56 -21 3 -100 -15 59 81 -4 2 -6 2 
53 -65 70 13 46 68 -59 -61 -78 28 91 -21 49 71 -46 -53 -43 -28 -82 25 49 -2 -28 1 93 -4 -9 92 -53 35 48 -71 -46 58 -88 -57 -31 5 95 14 -23 -92 89 -42 -82 4 18 -56 -8 1 -60 35 -19 -84 -65 99 5 -88 25 62 22 -94 -74 -2 -7 79 -55 10 -38 35 -47 -93 -67 -15 1 -41 -12 -55 50 -75 -72 67 -59 37 -77 -43 -74 61 32 -1 26 -62 -71 69 -32 -9 39 25 -78 47 
-12 16 24 14 -91 -13 -84 40 -37 42 -40 53 -74 93 -10 -65 57 34 97 42 -44 50 -13 30 69 69 -70 91 -88 81 -74 55 -16 -81 -28 -11 -59 -44 -23 17 76 -89 -65 17 20 -3 -58 -20 -94 40 94 92 37 -34 66 45 -20 -23 74 -2 36 55 53 13 -41 18 73 33 -93 30 -49 -77 33 -93 45 51 78 42 -39 -61 -21 -58 -10 54 52 72 -43 -79 20 -54 -87 -51 -71 49 84 98 -38 90 2 98 
-9 -2 42 49 96 44 -1 53 73 -57 92 -35 -4 81 4 18 98 44 53 -12 -1 -57 28 0 -57 -81 37 4 65 56 36 4 53 -22 95 74 67 41 -66 99 -100 -37 -45 5 100 -51 75 98 27 -8 -9 40 71 59 30 48 17 82 -26 25 26 -74 73 24 45 97 40 -36 35 58 -96 -70 -52 80 -20 62 52 -97 -100 -78 3 -34 24 -21 58 16 -25 62 -96 12 -80 59 -46 -71 -58 12 -52 -30 6 -59 
26 93 -33 54 -59 -39 86 18 -29 65 62 16 80 14 26 94 63 34 69 -10 55 55 89 8 28 -43 21 -55 5 -21 14 23 -50 -57 60 -36 95 11 -60 -44 100 -87 25 96 -91 75 21 -70 33 -4 -1 -95 66 44 -79 24 36 28 -58 87 57 -56 -98 26 -28 28 79 57 73 -77 79 -67 6 17 -89 12 -93 40 -85 -20 -47 -91 52 91 10 1 45 81 91 -15 -76 43 -60 -20 67 26 5 27 22 -50 
48 -18 61 93 48 -18 -62 -16 96 18 35 -84 -23 83 52 48 -11 -46 -39 -40 12 -12 -19 45 -42 -84 -52 23 45 -19 65 -75 91 52 79 43 -95 57 60 72 44 86 -18 -75 -9 89 -62 67 -67 -4 -43 74 -86 22 97 49 72 -1 79 45 -10 -78 -71 7 -69 14 -67 22 -19 -92 -72 27 -97 80 -41 -7 -31 53 -32 -59 72 6 74 -62 -21 89 -26 -39 -58 -10 -91 -52 -47 38 25 93 42 65 1 -59 
-23 -28 -65 -50 -24 99 -42 53 48 14 -35 -28 7 -20 -54 9 -37 -35 -43 8 52 -4 -65 71 -57 73 -60 -26 -54 52 -25 80 -55 48 91 -24 -20 -70 39 -80 92 14 29 60 48 -73 -38 -39 67 19 -12 33 38 -36 57 -80 -3 -81 66 67 13 79 80 -91 -43 51 8 -75 93 22 99 -51 -56 72 -38 -31 15 -32 -16 96 96 56 -7 63 62 5 -74 42 24 52 90 82 -29 -88 -32 -73 -67 57 -29 -3 
65 -31 97 7 -88 46 52 80 -71 -43 -58 -62 67 21 -34 -50 -50 97 74 2 39 -21 86 -37 14 -51 -81 -17 69 44 24 78 -67 39 24 -89 26 70 98 7 -79 99 7 -27 -21 33 -99 -58 -44 85 -7 -35 -23 42 20 33 60 6 -29 -68 26 -19 26 65 -94 -77 -76 -42 33 43 89 22 52 -63 66 40 95 -81 -10 73 35 46 -8 -82 39 94 61 -70 97 21 -25 -10 91 50 30 -53 -99 43 -72 -47 
18 -59 75 2 24 -38 -65 -26 47 76 98 94 46 74 -5 92 -50 33 -67 -29 47 -19 -77 100 22 -83 19 92 -74 31 -83 76 11 19 -81 8 -47 23 20 -70 84 58 99 38 -47 -48 -66 -38 -11 -12 4 55 -75 35 -85 7 83 -60 -99 66 82 -29 -27 15 -21 -73 91 -29 -63 -91 88 57 65 -19 88 -58 29 100 90 37 51 34 -49 70 52 -9 -22 10 -16 -48 77 -83 96 19 -95 -73 20 10 -67 -94 
80 65 -90 -3 97 -7 -56 -54 -99 37 13 -93 84 55 -92 -38 -78 10 47 77 -88 -67 53 55 -84 78 1 42 62 38 93 18 87 13 -10 8 54 86 91 93 -31 -52 13 52 88 -51 -92 5 -82 46 -73 16 -38 -70 -75 -90 -33 -69 59 88 -60 35 -60 -40 91 -77 43 10 17 -49 -46 -74 -64 21 50 35 -70 -66 20 84 -67 57 -33 -22 -52 -17 20 -3 -38 16 80 22 -60 -50 24 74 1 -90 94 -39 
42 40 -30 -5 15 -26 -19 -33 -54 -33 14 49 23 -56 16 57 -68 -82 -72 95 -28 -43 -100 28 23 -25 -62 -67 -60 -14 -42 59 -97 -78 -21 -31 8 -10 -69 -54 24 48 -28 -57 -93 91 -53 -34 -88 38 -79 -48 46 26 14 0 -14 -91 -72 -53 32 -63 -2 86 22 -98 -98 24 -20 24 37 -32 -89 21 -85 -10 -25 32 -26 11 -72 11 75 20 -85 90 -61 76 -11 41 -64 49 42 44 -84 -70 15 85 -93 38 
75 45 89 -76 -60 54 20 20 -80 34 -76 -19 45 -86 -14 4 -55 22 -12 86 -53 23 71 24 15 60 28 -38 49 -92 -46 61 -28 71 -80 -74 -68 56 64 60 -39 -76 99 -30 2 -94 63 -98 63 -87 -76 72 49 91 53 82 46 74 -27 -30 76 -37 26 -39 -29 54 -99 69 -7 -87 2 -27 -77 -28 43 65 82 58 -7 70 75 70 -77 2 49 -29 -45 92 -48 -61 -50 -17 -36 0 -1 71 66 33 93 39 
73 -21 -37 49 -28 -13 2 38 -66 100 3 -8 -3 6 -66 56 2 74 -35 -71 -54 51 -74 18 -4 -8 3 31 59 -56 3 -78 -82 -76 -11 -30 70 -61 94 -94 55 -86 55 -91 -20 -15 -85 8 -12 -78 61 -3 39 37 -6 78 -11 -75 79 -24 70 -37 -79 42 99 48 77 -64 -74 41 -87 35 44 -53 21 93 -98 75 14 45 -48 -38 -10 53 100 -56 70 93 27 -1 58 59 36 52 -12 85 -55 92 68 79 
-52 -4 46 86 -87 31 -16 37 -92 -77 -76 -100 45 93 -74 38 -35 -55 11 -60 44 57 -7 -47 85 62 28 44 -67 79 -53 -40 -11 -16 71 31 47 70 -47 -50 94 83 37 -2 100 -60 -15 49 -55 -24 -6 -8 40 34 61 27 -67 34 -24 30 -78 33 -88 77 -30 68 34 -50 12 50 24 -79 29 55 -49 -18 57 100 19 88 -30 69 -70 -87 -50 -86 -6 5 40 -91 100 9 8 52 22 -59 24 50 64 6 
-47 44 0 28 -59 -28 -100 -52 -98 -44 -15 -7 62 78 -46 71 100 -44 60 66 -54 31 -30 22 13 69 55 28 80 77 -97 -35 69 70 69 7 -83 60 -44 -90 18 83 -12 -74 8 -33 42 -80 67 62 91 33 -74 14 -96 20 36 -35 75 63 -97 30 5 30 -23 -96 -85 -85 -24 -16 -67 -12 8 -95 -53 -99 -88 -78 55 21 -66 -73 -90 2 85 98 4 -97 -84 -8 74 52 52 60 7 40 84 -84 -89 25 
87 -37 3 -51 4 41 55 -53 50 23 -49 62 -47 -7 -95 77 35 -66 -37 78 44 -17 78 75 -42 62 -53 28 32 -95 -82 10 -68 56 65 36 -95 92 -53 -53 -79 80 -93 0 88 67 93 -77 -10 12 -83 50 -14 -49 -36 -71 -41 -18 83 94 -3 35 51 -2 91 63 -49 2 60 72 77 -61 -38 -73 47 -91 43 -31 29 64 -90 98 -93 -17 77 -87 79 -5 -95 -29 -14 -8 70 50 -47 -48 5 71 26 1 
44 -29 -96 0 -61 -53 13 -57 7 -57 86 -22 -74 27 -2 -39 86 -61 41 49 -15 36 -18 95 100 64 -57 17 78 66 65 48 -50 -26 -68 -52 -5 29 6 20 30 100 76 97 71 17 75 -5 -26 -71 52 94 90 -90 73 74 -75 14 -5 21 -40 48 90 32 39 -26 8 61 -97 97 -36 -20 -19 100 9 -37 56 -19 -8 -85 -98 2 94 -14 -39 -22 -1 -37 -27 34 53 -96 -23 46 -46 -82 -66 18 -46 -50 
96 -79 -48 36 -100 -66 -1 2 -42 43 -96 -92 25 65 -12 16 -66 1 -18 14 -1 89 -87 -54 -54 99 -23 -42 50 59 -95 -25 -83 -62 -31 48 -11 97 -10 -78 -18 86 -43 48 -68 -97 2 -71 -84 57 -80 4 74 29 -25 86 81 77 -26 -38 3 -41 82 -9 -99 18 11 -75 -85 7 2 -7 -66 -33 -33 29 49 -74 60 -65 94 36 86 -95 -24 78 71 14 83 -38 0 82 73 -87 29 56 99 58 76 -59 
-13 69 21 -79 -70 -13 52 52 -48 -13 -51 -6 -85 -58 -69 -79 -59 19 -68 45 -50 24 54 31 -37 60 -89 98 30 -61 77 36 69 -10 42 44 34 91 45 -98 15 -100 58 -98 90 8 56 87 -75 -87 -56 67 -23 50 12 -15 85 37 20 82 16 23 -20 37 53 18 -80 -25 83 31 79 -61 -35 10 -18 68 90 -81 14 -61 64 -28 -47 -50 -16 -74 43 -45 -24 35 59 40 94 57 -15 -82 4 76 -88 0 
13 52 97 35 59 -75 -55 -85 65 28 -100 -87 57 -21 94 -37 28 35 35 -26 -92 -84 -87 95 4 -3 19 -58 48 89 2 30 -35 45 59 58 -5 -39 94 -79 -43 -60 8 -84 -4 -89 73 -36 -57 6 1 -54 44 -75 60 91 -53 98 -77 -44 -38 63 77 -36 -26 -59 -78 91 -29 -87 31 55 34 40 57 -8 -25 -69 25 -75 -89 98 36 -53 -41 -69 -71 57 29 -23 75 -61 -8 -3 60 64 29 9 -84 94 
9 1 6 94 93 -54 -4 22 -6 26 29 -1 13 58 -76 45 -55 -63 60 -43 30 -18 32 74 -2 92 37 31 65 9 94 -38 69 -88 16 69 -23 -79 -40 23 -94 36 -94 -18 -27 -16 55 -98 -72 68 -16 20 -30 -18 25 -49 -21 41 -41 -95 20 -17 -8 39 7 -21 -12 -75 88 -58 63 -61 -77 68 89 -98 4 -64 -10 -26 66 64 97 -86 -49 -58 82 -92 41 90 -34 -78 97 -63 97 79 41 -42 68 97 
88 12 87 -79 1 -6 -76 -17 14 -95 58 13 96 -44 -6 -10 -35 20 73 9 -32 -88 74 17 -55 72 -17 61 47 13 -97 -84 -4 14 -83 65 43 -49 34 -32 -46 87 14 15 5 -33 -25 34 -22 20 -55 76 32 -82 -37 -90 -92 -99 -66 99 66 -26 1 67 -87 -97 -23 -68 -9 -39 -94 -72 -79 -90 -66 -12 49 -99 47 -27 -28 47 98 -88 -49 -43 -88 -35 -42 -70 56 91 100 -18 33 67 -14 -87 -75 42 
-95 66 91 73 -92 -4 -46 76 24 -36 -99 48 -81 -40 22 46 -3 -18 2 60 -9 35 51 68 -37 -93 -3 59 25 -83 -44 1 19 -75 65 75 86 96 37 -87 68 24 -84 45 26 13 80 69 -28 -54 62 -55 61 -12 99 -19 -74 76 6 41 -57 27 30 -48 -16 -48 -5 -97 88 -12 -15 -94 32 64 -40 9 75 -34 38 -79 63 66 -3 22 -53 -55 -26 93 -1 97 42 -23 94 -42 -89 89 0 -26 43 -72 
24 -25 20 44 -34 -86 -38 -56 46 10 -41 -88 -88 -56 64 71 -61 66 10 57 -1 -73 -52 17 9 -48 42 6 76 -41 -77 -36 12 63 8 -25 40 -100 17 -56 -49 26 76 12 98 -70 -26 -13 70 -38 -56 -9 8 95 83 -17 -93 23 -77 -6 -77 60 -14 62 89 -85 -4 86 -47 -2 -39 56 -27 68 -24 -49 -55 67 -79 5 86 -10 78 -43 -55 -21 39 -31 100 81 -84 100 3 77 -58 52 40 -98 -10 18 
-50 45 -40 -89 -21 19 -25 63 -87 -29 63 61 53 -32 15 80 -4 43 -41 36 61 36 -30 59 75 52 -31 -71 58 -37 62 -38 -69 -69 26 -72 81 22 83 12 27 52 -21 -6 48 -86 51 -46 -87 -91 36 -14 90 -66 -67 83 8 -61 48 -14 5 19 -78 68 51 8 29 -52 85 78 -11 -4 -99 19 -20 -98 67 -21 -51 -17 -16 -16 -86 -6 -15 46 -90 -68 -10 -32 97 62 63 17 -32 -95 -86 67 80 29 
-59 91 56 -51 -71 25 -72 20 -53 30 78 -59 52 -98 -66 21 -90 -57 -49 32 21 46 -21 -42 50 -8 95 68 3 -43 -88 -3 46 0 100 -12 -26 69 14 81 -86 -40 -49 25 -51 -80 70 41 78 -87 -81 -11 -76 67 27 9 -43 49 44 -58 -7 -85 54 -39 -45 -3 11 62 -57 88 -48 -37 44 68 -69 81 17 -96 -18 21 22 -39 20 44 53 49 0 -13 22 -3 -28 -24 7 -11 -54 60 -100 32 4 -56 
35 -14 -58 65 -7 16 -18 49 8 -54 -28 85 51 -76 40 65 94 49 -11 -14 83 22 99 -44 98 43 -8 45 -22 73 49 80 63 24 4 -32 -49 27 51 -75 -74 42 -96 74 77 -97 -20 25 -69 40 48 79 81 -26 -72 82 -53 -35 40 -94 56 -40 11 15 -9 -76 -59 11 -81 -89 -36 39 -21 54 -40 -65 31 84 5 -63 -6 -48 -35 45 59 -29 -45 -2 -1 -88 -52 -42 -15 -79 46 92 -51 38 12 -65 
-99 -69 57 -6 -31 -5 -78 -88 -11 -28 93 98 -46 1 -28 22 -66 41 6 -69 -45 -67 -41 -88 -7 -50 50 -61 80 85 -90 -39 12 -11 85 -31 95 -90 3 46 52 -54 -65 -16 -42 -73 -25 -61 33 80 48 -52 100 43 -85 -52 -89 -89 51 7 -87 -98 -8 88 95 58 85 45 -95 -54 2 -89 -29 75 48 -36 -86 -75 -66 17 1 18 46 -36 -75 -22 1 24 6 -38 -68 91 89 -6 25 -84 33 -84 3 89 
-41 -33 17 -77 99 -54 -2 -60 -55 66 -93 41 -12 46 -68 -14 90 -15 1 -86 87 85 63 38 39 53 55 -2 79 96 -86 -79 25 -32 -93 90 -41 -20 -84 47 -85 25 -82 -92 8 -28 2 -64 -48 -27 32 97 25 -85 -25 22 99 -76 25 5 18 21 -90 -92 5 -42 24 71 83 72 26 -3 -40 38 -88 -31 -84 12 -43 58 -39 49 -37 22 39 -36 75 32 -28 27 -59 -36 -7 -48 25 7 33 -33 62 70 
13 48 91 -57 79 94 34 -35 14 64 48 -58 46 84 55 53 9 9 89 -71 -2 87 87 31 58 25 24 57 -15 -28 1 84 39 65 -22 44 71 -58 -62 36 -38 -57 91 -28 -13 17 74 -94 -95 45 94 30 -96 -19 -99 -34 24 14 57 16 67 64 17 -23 -100 -36 -18 -14 -52 17 -85 -2 27 30 -73 -61 -37 25 -50 -20 9 -30 -42 62 -4 87 -57 39 -33 14 -80 -55 28 -3 68 -56 -70 83 -77 -16 
50 -90 -19 73 -95 -12 98 41 41 84 -94 -23 82 -51 -69 -82 -76 -63 -45 32 -44 84 -65 74 -87 96 9 31 -44 56 29 -3 -42 83 -82 -79 36 26 56 -95 -58 -55 35 29 -65 0 44 -60 96 51 82 17 -20 -73 -20 -71 -69 -14 61 -17 -97 65 -50 -39 -3 -55 58 5 19 35 -43 65 71 4 -16 42 8 -22 72 -48 21 -79 -83 -83 -74 -78 85 -58 38 -97 -100 99 77 55 99 -95 28 -14 -96 70 
-90 -84 77 99 -41 -8 -95 -52 57 -83 94 37 -84 -12 -61 27 -53 -100 75 54 -64 -62 48 -6 -6 -88 -14 55 88 68 -57 -46 96 71 14 -36 47 -49 79 53 87 41 90 54 5 -41 26 -99 -22 1 -10 74 52 82 69 -58 22 88 -74 98 -43 17 74 63 -60 76 -47 -14 -7 -36 45 -82 21 -89 -41 -67 61 93 -48 -53 8 64 4 72 -86 -78 56 -48 17 47 -30 74 58 36 96 -56 -30 -12 93 92 
95 61 -14 18 71 -24 -62 49 -58 -56 56 -72 -72 -65 -27 -64 -81 -72 -51 -17 19 -100 66 -9 8 6 -63 -12 67 -90 -32 -45 -66 -39 -4 -77 -98 -25 8 -25 -80 -32 -11 0 -24 -30 9 -53 -74 -66 71 -33 18 -65 20 55 26 27 1 28 94 78 71 -63 27 32 -23 20 -29 24 83 -88 67 89 -50 39 -24 -3 -59 10 1 92 82 71 0 21 -96 13 -93 -67 -61 -63 -60 72 -22 90 78 5 -5 63 
-41 -10 -51 65 -87 -94 57 32 78 68 -65 -24 40 36 95 97 23 -17 5 69 23 -45 55 6 -76 -95 47 47 -99 -26 0 41 38 88 -68 30 33 -95 -48 31 28 82 -81 -91 -27 2 14 -14 -85 -5 36 -18 -95 83 35 24 36 57 79 -36 -77 19 36 7 12 -54 -34 89 -20 14 -60 85 -67 56 17 -89 -16 29 -80 24 -91 -68 -99 -85 9 15 -46 -46 -71 9 -31 41 -76 22 55 -22 -3 -60 98 -67 
-77 -71 -8 70 84 13 -78 72 42 83 71 41 49 -73 17 80 81 51 45 95 -2 28 -30 -58 -45 13 34 -35 55 -4 -84 -80 -54 37 -100 -85 -2 -48 -89 -62 21 31 -16 9 -67 43 -15 43 83 74 32 -83 64 92 -72 -81 -25 51 -3 93 -9 94 -65 5 -78 -40 -49 99 1 58 65 21 55 89 -14 40 -34 79 -6 -34 25 -77 61 16 55 -29 2 25 12 -37 -35 40 29 92 -9 69 18 23 98 83 
-69 59 -43 35 7 100 84 65 -32 84 -90 45 98 18 -67 37 32 -41 -27 31 43 84 -55 93 -53 -73 -29 -48 81 28 81 9 95 64 -7 -96 32 -66 4 48 -6 8 17 3 -94 65 47 -77 -25 70 -10 -32 -84 -4 20 48 -79 52 -92 99 -70 -45 -53 70 -3 30 -5 -9 -96 99 57 64 -20 29 -98 -56 9 98 -72 -51 -54 49 99 88 53 75 97 43 9 -45 51 -100 0 41 -34 -81 -1 -16 83 8 
-74 0 49 18 70 -83 88 39 -98 -93 43 0 83 10 47 -89 -36 -13 48 19 9 -81 -78 -97 87 8 41 100 26 -74 -34 10 -91 -41 -100 -77 -63 26 -59 -66 5 -71 -9 -52 35 5 18 35 3 -66 -59 15 15 -38 -68 -20 39 49 -88 85 -69 48 -9 -9 83 -90 98 28 40 4 17 -84 85 84 -3 16 -16 -37 81 -17 -21 57 9 87 85 41 26 -4 81 -29 78 -51 -90 58 96 -84 1 14 88 42 
49 -60 -76 -32 -8 79 63 57 -49 24 -60 -89 62 28 -36 -42 -97 -89 -15 -14 3 40 -95 -100 -37 -15 -72 73 -78 69 -28 66 -26 -46 28 -47 -39 -77 1 49 -36 69 23 0 -33 -24 -83 54 67 -61 46 25 80 85 -60 -90 -18 5 -76 -35 -33 81 -17 -54 -54 -53 85 88 -39 84 50 98 46 64 -89 2 6 76 -74 -43 -36 -64 -81 -31 -80 -55 61 93 51 -34 -67 -97 -92 -31 -90 -6 58 90 -31 -76 
-60 93 95 98 57 -51 -21 -48 -11 94 82 59 47 27 -9 43 74 -100 -1 51 -42 63 -14 -16 -60 7 -92 -69 16 -89 69 -32 -45 3 16 -99 -50 -82 63 83 -2 -58 100 46 87 14 -52 93 -69 -63 -100 5 -73 78 -75 -44 19 -23 -3 -3 -5 -31 34 -92 93 -40 -23 -6 1 -21 85 -64 60 -67 -43 62 74 -90 -83 14 -100 -13 50 -20 0 -74 -100 43 19 -12 86 -11 63 -17 57 -40 13 -25 81 15 
-37 4 59 -25 91 -46 -22 72 -19 92 7 -8 -63 51 99 -53 54 82 -47 -44 -24 -92 -83 96 31 -12 27 11 8 56 73 -34 -47 85 86 48 -20 82 -100 -44 58 -30 -6 -80 13 39 55 -65 -7 -52 -77 61 56 -43 43 -99 -65 83 -23 72 94 34 66 -34 31 74 -82 52 32 45 54 -20 -4 -21 8 62 -23 98 64 -73 48 -46 8 -4 -38 96 -19 85 24 -64 10 76 57 11 100 10 -27 -73 66 -88 
-97 -47 -74 67 54 48 70 76 -47 97 43 -72 -58 44 13 -93 27 -54 -67 -1 -14 -30 -85 20 -14 -38 17 -97 46 -21 32 -53 29 81 23 62 -40 68 -8 37 -56 10 -69 61 -27 -8 43 98 -59 -12 -52 -7 80 -74 76 64 30 46 17 -49 -34 4 93 -29 -20 -78 -53 37 46 -66 59 -56 64 -47 -2 7 35 -98 -84 -18 -50 -59 -34 57 48 47 -38 71 81 72 -93 -83 -90 75 83 54 -30 30 -7 -97 
-24 48 39 37 18 -35 87 -38 -36 88 17 48 23 72 62 -86 -92 37 20 -93 -9 84 -57 -77 64 -99 25 -84 -46 25 -70 27 92 70 79 80 -26 90 26 -5 8 -82 -75 -17 -49 -26 -93 62 61 -17 -22 26 -59 -8 59 64 29 -56 -93 76 -63 -75 -84 77 55 98 -6 8 50 75 -97 -49 -98 61 1 -73 -42 54 -43 100 -95 -5 87 92 7 -68 49 -75 63 -78 -76 96 14 -60 -6 48 27 96 64 18 
99 37 71 -16 94 -1 75 -53 74 -30 13 54 -48 -15 61 -9 -52 -2 43 -33 15 -56 -9 -1 -73 -94 14 -81 -87 29 44 61 33 65 -92 -79 -47 -24 -87 16 75 29 9 36 95 59 9 46 -98 65 51 -61 73 -44 -13 -27 -28 47 9 45 9 85 -30 54 61 -40 71 6 52 57 -92 14 -97 -99 47 28 -9 -22 6 -92 65 86 -67 -56 61 89 -47 -39 94 82 -43 -42 -29 96 100 77 -34 -66 73 -55 
-88 -49 39 78 42 -95 77 -83 16 -5 74 76 35 -45 63 -22 -74 -58 45 48 21 -69 42 7 -26 -25 23 50 12 87 88 -19 -40 46 -98 -66 77 73 68 73 24 -57 27 -10 10 75 62 22 59 -43 -64 49 -16 23 79 -51 6 44 45 -1 42 -52 -2 -42 49 22 -82 -88 42 88 48 -98 -56 15 -25 -74 17 49 -68 90 61 34 100 98 -24 -60 -39 -43 84 -60 -57 -71 34 -56 57 -100 -47 -22 2 -2 
76 21 -90 100 34 14 98 62 -47 -100 -97 57 23 -47 28 3 83 79 -74 36 29 -13 -65 -27 15 -3 -33 44 -37 25 -37 86 69 -86 52 -3 -55 19 73 -56 -81 -53 -70 -7 82 39 -81 81 -41 74 -70 -12 -89 -100 -69 55 61 92 59 -16 49 -1 9 22 67 86 -88 -90 52 -80 96 -28 21 -94 91 -18 51 -8 -61 -12 66 17 15 14 37 6 -27 4 -15 -100 34 94 49 70 -37 -62 74 -1 66 -57 
55 53 -11 -46 -26 -89 -30 13 -72 -85 64 20 16 -29 -51 -47 -77 -64 -66 77 -49 17 -8 97 -29 -63 -83 -73 -62 85 -57 81 67 -19 84 43 -70 60 -34 98 87 82 -27 92 15 -31 62 -25 21 -46 -72 -32 82 37 82 54 -11 34 -58 -10 -47 -22 54 4 59 1 -29 39 0 89 92 -10 88 -6 -31 -38 -53 -41 -10 88 40 18 -40 84 -83 -41 10 -39 53 74 -33 -11 88 94 -76 37 -27 -67 -46 -59 
28 58 60 27 -45 -23 -79 -18 -65 68 -57 57 30 89 -27 98 -45 -88 18 2 17 17 40 -6 -99 -65 -56 -33 44 -61 -2 -5 -56 -15 23 84 18 -49 -49 5 -47 19 -21 69 -94 -35 -95 -56 -15 50 -46 40 -90 -38 71 14 47 -10 78 -42 -84 42 76 4 -57 73 42 42 16 -15 -60 40 28 -16 74 -51 -42 -77 -80 25 -32 21 74 2 -33 -33 40 -66 -50 -24 -47 -76 98 -94 -23 0 -19 76 -60 -50 
25 -58 -6 99 -15 -7 -55 27 82 40 -97 85 74 -66 31 -86 -58 -70 1 6 40 -89 -9 -5 -100 -32 40 -80 -50 -51 21 -29 25 71 -41 75 -27 94 -89 -10 20 -75 -53 13 40 24 79 -98 61 55 17 44 -5 67 58 -97 85 74 -11 -28 -9 14 -51 75 -84 48 -69 71 6 74 -8 -60 -90 -83 -97 19 -96 -21 -86 -31 -51 31 14 15 6 69 94 7 -26 -67 79 75 -83 -56 -33 -25 -12 52 -14 23 
-28 85 -89 -52 27 42 -83 -89 -35 98 -90 -31 36 52 53 55 -6 -23 -34 48 -40 12 -38 77 -21 7 -98 97 -65 -31 -20 -45 9 -70 73 77 -43 -36 -16 72 -8 7 71 -51 53 77 -92 94 -27 -67 24 -53 37 45 -13 -11 -85 30 80 -85 -7 -63 -4 -90 83 -63 -26 -19 -14 -75 -81 -36 92 -52 -53 -55 60 -41 -3 32 -80 16 81 -25 75 26 14 -84 -47 66 84 69 62 -12 43 58 -13 25 -68 81 
80 -17 7 -75 31 36 -63 45 -51 20 -38 -19 -57 62 29 -4 -78 69 78 -84 78 75 -84 -19 -20 86 -3 -11 -28 9 -40 -34 13 -12 74 -92 74 -58 91 54 64 27 56 36 -98 43 97 -21 -51 -22 53 67 23 -74 -57 -100 -81 -90 61 16 64 -72 -79 -86 86 -52 -59 -31 -97 80 78 87 -94 46 2 -11 -77 93 -35 -32 2 11 -19 -6 -19 88 -16 -54 3 -62 56 14 -40 -71 -64 -91 -82 85 -23 -87 
61 -96 17 -14 -15 -93 94 30 -42 98 -44 27 -57 -36 -8 -2 -58 -62 -51 -11 -89 99 34 12 13 83 82 41 30 -85 -25 -89 18 31 -45 -42 58 -73 -46 60 26 -69 -31 -21 87 90 -66 -64 98 -97 96 -97 -94 73 67 11 94 89 -64 23 31 -17 -74 -89 80 0 -96 -2 39 88 -5 91 97 14 -95 80 68 66 2 49 56 -58 -48 -13 -8 -74 92 -97 43 -52 -100 -32 -43 -18 81 -91 -49 -14 -56 -63 
2 2 -80 -47 78 90 27 61 -81 -88 -49 -21 -42 47 11 80 20 78 81 90 -7 -84 -52 -40 -48 -62 -23 21 88 -1 34 -88 38 -89 -51 -73 55 -89 23 -8 -96 97 18 -89 -6 -76 -81 -70 27 48 -87 -21 59 -83 -59 35 49 -94 89 -70 -80 -29 44 7 42 -34 -87 74 -2 4 -70 77 77 100 -94 94 -82 84 -41 -34 9 -2 43 -41 27 69 82 36 -40 -59 5 48 91 -41 63 -43 63 98 -80 -3 
-5 47 -35 67 70 0 34 -2 -83 -13 -7 -63 -87 64 -80 -64 -14 -90 78 56 13 -39 53 -93 60 -94 -13 -15 55 -47 89 8 -41 -36 86 -26 -22 20 -41 1 -100 -29 75 -88 -1 56 -1 53 -100 64 8 -69 51 26 22 34 -46 40 -82 78 -29 -81 -40 -5 2 14 24 -17 29 -63 83 60 -100 -52 70 -1 93 15 -92 82 -96 -54 5 -15 -52 33 15 16 -78 48 51 20 -46 -21 20 77 90 88 75 67 
0 -98 -42 -39 78 -24 16 -60 -71 99 -79 96 84 -11 18 -45 34 -54 1 97 -65 98 34 -81 -32 -14 -7 8 -62 74 -25 66 76 50 -19 67 -40 -57 5 -73 53 67 38 59 15 -23 -89 -22 88 -99 -33 -40 70 61 -100 88 48 -69 -32 -18 97 30 -52 28 -20 8 -40 -53 -92 49 17 55 81 -71 12 65 19 45 38 54 -73 60 58 24 -30 86 35 -89 -9 47 35 91 31 -9 -54 47 34 71 -95 79 
65 40 99 34 49 -15 70 -26 -75 -52 54 83 57 -79 -92 41 51 -40 0 44 9 33 91 -87 -56 89 -98 -23 -83 -75 1 77 26 -21 48 -31 82 -5 22 19 9 29 31 89 55 -64 2 -88 32 99 -92 -22 35 80 21 -71 -17 67 73 -20 66 -18 78 -22 22 80 48 -57 -55 68 -58 -20 3 81 -37 -43 22 -52 35 86 76 -33 94 -60 64 76 36 94 -28 -75 37 -47 -71 71 56 10 -91 -48 78 67 
-79 18 66 3 -86 -61 69 -77 -60 97 85 3 54 -5 64 -48 63 -89 -31 -3 42 -24 85 -49 -10 -38 46 -87 -21 -86 17 92 -70 19 94 -14 -77 92 -10 27 52 19 17 21 -95 11 76 -75 51 -13 -90 -1 25 -6 -12 -81 63 -57 -8 36 -76 -72 66 29 23 95 6 -17 58 37 -9 -86 58 71 -96 20 -19 77 -80 -15 -56 -36 -10 3 91 58 -83 29 -73 72 -89 -28 -4 17 -25 -18 40 -22 -98 -27 
-66 3 -30 88 -60 3 45 14 2 98 63 88 -85 61 -89 -8 44 43 -45 -87 -87 64 -59 59 -99 22 70 66 20 100 12 -33 -41 -89 -19 33 42 -1 -100 97 66 -40 70 -48 91 -44 30 -19 38 -92 -43 -51 20 47 -53 -62 89 -16 2 3 -10 86 42 -54 54 -45 -73 83 81 -82 -65 -46 -96 -83 93 66 5 -78 64 50 94 75 0 13 -14 -85 52 45 84 72 -50 65 -1 52 6 -61 70 35 62 -36 
-3 63 34 52 71 52 10 -80 44 58 65 9 13 2 1 97 90 -5 -9 -55 -33 76 36 -47 2 -52 -49 -9 -75 -91 -46 -21 91 -81 57 50 54 -18 79 57 71 31 35 -73 -84 71 47 -62 -11 -69 -39 23 -15 -2 -26 -26 -8 9 57 94 43 -58 -23 -93 -96 62 -58 -37 96 11 -82 75 -73 20 68 26 -36 -3 -24 29 -8 89 70 -65 48 64 3 97 -33 39 -11 48 68 90 -10 -15 6 -82 -11 38 
76 31 96 -45 -89 19 47 -27 -25 -23 -5 -41 -41 44 47 -59 72 -96 7 45 -87 37 -16 -96 55 -60 -43 89 -84 -41 -85 16 73 31 -43 10 70 -34 9 -24 -82 -27 82 -48 65 82 43 -56 -8 -30 44 3 -1 14 79 72 -63 -96 29 20 -87 36 -63 31 53 27 -40 57 -93 -61 -44 23 90 -100 8 -49 16 -28 -17 30 92 60 -11 95 76 65 -72 36 90 -33 90 19 87 40 11 11 13 -69 -88 28 
50 -88 -49 1 4 82 -25 -96 -30 61 77 1 -91 47 -12 78 21 5 -29 -89 -100 -83 -5 41 53 -66 42 19 -76 -43 39 46 -73 -33 -99 -69 66 25 -42 -91 -20 -10 -86 59 84 48 37 -64 -44 67 11 -46 51 -16 -10 86 79 44 -43 -34 38 75 -85 -41 24 94 65 36 85 -33 -77 -81 44 32 -57 50 85 -35 78 -43 -71 59 -31 58 57 20 -63 17 -83 -32 96 -54 26 14 18 60 23 -44 -61 -44 
-36 93 -54 91 66 -71 92 31 -99 -26 -29 72 66 39 -74 40 -6 -67 9 -27 18 65 74 25 89 14 -27 9 -70 42 -44 68 45 88 13 63 84 100 69 70 43 6 -87 -18 -87 -11 -89 40 96 51 -21 65 -79 41 40 -9 42 28 68 -44 36 83 0 5 63 17 83 82 92 -30 35 -66 2 46 -16 28 -96 48 68 69 -56 -88 12 96 -95 -36 5 71 -59 27 37 -51 -89 -28 -54 100 -82 68 49 -14 
-97 4 -27 100 -61 -11 38 76 -52 30 -52 100 21 13 -15 85 -24 46 77 80 57 19 92 -43 -33 -68 -55 39 -26 -6 48 -85 2 81 -23 45 2 -42 -45 -62 -85 -81 -13 -72 -93 -83 99 -8 18 34 79 -62 90 -4 -50 0 1 -79 79 -48 50 42 -23 -39 -33 48 -28 22 26 87 85 7 -28 -43 -54 54 0 -48 15 -69 7 -40 1 40 88 -54 -14 -80 -42 -63 -92 -53 -17 76 95 -14 46 62 20 -2 
2 0 -35 -79 6 -37 75 46 31 -73 64 -87 -67 13 22 -42 -63 -15 -96 -52 66 -88 11 -41 30 39 -13 32 24 -55 85 63 -62 -23 -45 -95 -51 -45 18 -41 -29 -78 -35 96 98 -89 59 3 15 -90 -47 -61 -22 65 -44 -73 -32 27 -44 68 -87 41 18 23 82 -67 21 22 -41 15 -7 -23 -70 -79 4 -75 -83 -31 -34 11 57 -98 -65 12 15 77 34 -7 -62 32 48 31 -64 -95 -22 -57 -56 100 74 68 
-2 49 96 12 -11 42 -52 -95 99 -41 63 70 -5 -26 50 88 49 47 64 -16 -11 93 -44 42 71 56 39 26 -11 -49 23 67 84 -22 -50 -29 -68 27 30 97 -85 55 -54 -85 -40 -27 16 -74 5 66 -92 53 67 -78 79 37 78 0 -37 33 67 -70 -93 -73 85 -44 11 19 50 77 -14 23 6 -92 -25 -81 -51 -27 26 11 -14 67 -51 47 38 -18 97 -57 62 58 -3 -77 -94 -41 78 6 78 68 22 91 
27 -97 -88 37 83 58 -87 -96 -96 -36 58 -47 87 65 -13 93 92 93 -68 55 -48 30 21 38 -18 87 -87 81 54 30 -32 31 -39 71 49 6 -64 -99 99 -83 6 2 -76 2 -13 2 95 -89 -66 77 -16 -56 42 88 62 -42 -92 92 19 -57 -92 10 -8 -31 -26 -91 25 -89 55 88 14 -60 57 12 -73 -30 79 -73 -40 14 90 -94 9 -35 -76 -28 99 -55 52 51 43 -5 -82 -26 10 -19 85 -2 18 71 
-51 24 -43 73 7 40 -61 -47 90 -77 43 -81 -33 32 17 -27 92 -6 47 92 -88 73 -5 36 18 -60 -59 30 -12 -3 -14 -21 -64 67 -24 -5 99 -79 99 12 -20 86 39 63 -66 -97 -17 83 46 -28 90 -90 90 -61 47 29 20 0 -11 50 -54 86 -99 -16 33 -77 -90 46 52 73 -47 -54 -25 12 -79 98 -34 79 -49 12 -36 4 -7 66 76 91 -35 2 -35 11 -37 63 -42 91 61 89 3 -43 64 -65 
-87 -58 4 -14 61 -94 20 -41 36 62 41 72 37 -22 80 59 -54 -90 77 -30 70 8 28 -18 -17 90 -53 -72 -2 -85 98 42 81 74 44 -59 -82 63 16 55 69 51 -93 39 -41 62 77 14 -9 -84 -58 -17 -77 96 -93 11 -89 89 -100 43 -37 10 0 56 49 -21 -49 21 54 -62 -6 57 -45 5 -94 74 0 -98 74 44 -98 -20 -50 -32 88 36 -91 7 92 83 -55 -28 1 59 67 -31 95 -39 -58 9 
24 11 -29 -39 -93 76 -14 -73 -38 -44 83 -67 -59 55 -13 73 -41 -96 -86 24 -27 52 -51 -11 -40 -44 2 95 76 -95 38 22 -87 86 90 -69 20 -72 34 50 -58 78 66 18 -80 -64 -16 -16 1 82 -73 -3 -22 -60 -65 93 -54 -35 -31 -93 31 -5 -9 64 -11 17 42 -85 -56 -64 28 -73 -54 25 54 -95 -5 -96 -7 79 99 -55 18 -20 -5 6 -17 -24 39 16 -30 73 -44 -67 9 54 83 -15 -98 41 
-57 -58 -78 30 -25 -42 -8 72 16 85 12 51 -68 -96 42 64 17 99 60 3 31 56 47 18 24 -40 97 -17 -26 29 19 -69 33 83 17 29 21 -21 -24 -94 -91 31 64 -17 -96 -89 -40 -71 15 -51 -94 76 35 1 19 4 100 -2 -33 -78 74 -32 -87 15 98 34 -18 -12 43 -52 46 98 27 -43 55 5 12 -64 49 -51 42 -32 -83 79 -85 97 -21 14 -85 -33 -71 -95 65 14 -85 67 6 86 44 68 
-97 -8 -5 -35 91 -21 -13 -87 39 17 -1 31 91 33 72 -39 -43 -37 -48 4 21 53 -33 -53 -89 39 56 33 -94 -63 -99 38 29 74 2 -14 -72 -16 -2 -29 77 -49 -92 65 -57 -59 1 70 -65 -47 53 -66 -97 27 48 -85 99 69 85 -37 -26 -21 73 95 45 29 -42 -46 3 -75 -60 84 80 71 83 -90 -27 -43 -35 0 -7 -59 -16 7 -80 -89 -84 60 82 30 75 43 -42 -64 -48 90 13 -5 -3 34 
30 77 70 -77 -83 98 -23 -53 92 21 15 -26 89 -74 9 99 96 66 46 -97 -58 18 24 41 -20 17 100 -15 27 32 -51 -53 81 65 -23 -64 -46 -2 45 -4 94 62 27 7 -93 26 -93 -5 67 29 0 59 -4 73 -18 23 0 -45 -20 -6 81 22 -80 -81 -53 -43 28 85 85 8 23 -34 -80 -4 -83 -38 -2 -25 -10 6 -90 -95 45 17 -17 -35 -74 -6 32 8 28 -83 -52 91 26 -97 29 55 77 -53 
-14 0 -65 -81 20 86 -33 72 34 24 78 6 83 12 35 -23 -63 -48 2 99 -37 35 10 -59 40 -39 83 -62 88 -16 -47 100 52 -73 52 -22 21 -28 24 24 19 39 97 -49 40 -54 -23 -33 61 -79 -10 15 45 -36 64 -86 71 64 -99 14 -94 39 -28 8 -81 -34 81 42 12 64 72 3 9 21 43 93 -59 -65 38 76 -76 -10 83 32 38 -9 83 -68 67 29 15 75 -67 38 -96 -100 -59 -31 -72 -40 
-23 55 -74 -19 -65 -73 -62 -27 -67 94 5 -63 57 -100 -74 12 -99 -12 -61 11 59 27 -55 -63 -15 93 97 31 -86 9 -31 -86 -32 -14 -98 94 -45 99 63 49 -90 75 23 83 -26 24 -28 54 -6 -21 58 15 65 -99 -33 12 81 38 -91 50 66 28 -63 -30 -25 -28 -3 42 -10 58 -55 24 66 -61 -48 -32 -37 17 47 57 -64 -26 92 -84 54 9 3 97 51 61 74 -84 80 39 82 29 -49 21 4 -27 
-13 34 53 33 89 -2 18 19 -2 -90 100 17 -82 6 85 -77 -83 95 15 41 -2 2 83 10 94 54 84 -60 -80 -82 -72 3 42 64 -79 -70 -39 68 -46 65 59 -21 80 -44 -48 89 -99 -70 -37 29 -85 87 25 -16 -80 -22 -73 -76 58 -57 72 -59 -25 -15 -92 -13 75 23 -24 -47 -37 -59 79 -15 89 56 34 -58 -56 -84 -100 32 16 -62 -46 -63 -76 -7 -25 -75 24 -20 -3 -87 76 -35 -21 6 -64 46 
-14 -4 98 70 56 -16 2 -80 -63 -30 -100 19 -76 19 58 -15 38 47 -70 90 -46 -70 18 -97 -45 -41 87 -88 8 -35 17 -67 -23 46 -1 66 89 -89 -42 85 -88 -55 11 1 -84 12 4 98 -4 27 93 60 -14 -96 -44 0 -31 -53 -87 -11 -57 -32 -50 -83 -61 -27 -72 46 -33 -71 -46 96 65 -75 82 35 89 59 -100 81 75 15 73 -94 -15 98 1 -44 -68 -91 -91 73 63 47 -36 49 34 -62 -76 46 
94 -47 62 58 32 14 -35 -32 4 -71 34 -86 99 3 -43 11 92 -66 6 -99 -57 62 -64 -83 75 -94 62 50 -22 82 -59 -42 -48 -58 69 -97 -53 -77 -1 2 33 49 84 -95 -21 -66 73 -72 -34 41 -63 67 73 48 -42 54 -41 45 -61 78 -82 30 63 69 -72 69 80 -68 84 49 29 99 68 70 28 38 -91 50 -88 21 35 83 -100 91 -1 34 -11 99 -20 53 -24 -21 46 -20 -25 95 -90 -81 68 23 
-63 31 49 47 85 -19 -39 75 -14 -1 70 -43 -96 -88 -87 32 -34 -27 88 35 34 -26 -99 -12 55 -28 81 22 -4 -69 -4 -48 46 65 54 12 37 15 15 62 50 30 41 -58 -92 31 -49 -35 37 16 -38 26 50 -74 79 -51 90 -2 88 21 -25 23 34 46 2 57 76 55 -7 -96 64 -4 -79 65 -27 68 25 -14 -73 88 -86 67 -96 48 -97 -53 83 23 70 65 18 -82 40 -67 93 70 7 -10 21 48 
40 -55 22 -34 16 89 -62 33 -48 52 -14 28 5 99 -19 6 -93 32 7 44 40 -99 65 99 15 64 -20 66 6 100 15 -100 11 -55 -38 -3 89 -16 94 -29 -59 57 79 80 -3 72 17 3 -89 -85 -77 34 -35 -87 48 -76 -82 -94 97 -41 -43 -16 -42 56 -55 -49 -64 40 81 -8 32 -26 54 -71 95 6 -88 77 -91 42 10 -37 -75 -22 3 -5 90 -79 -86 98 14 68 -85 42 -2 -85 71 0 -82 98 
-75 -23 27 79 -68 61 65 22 11 -30 -48 -46 -30 -31 -60 4 -61 54 50 -86 57 -18 -34 53 11 -58 -70 -96 50 -35 -48 -6 -49 -96 48 59 -7 -25 -35 54 61 44 -77 98 27 -18 50 -40 66 19 75 -94 -71 85 -28 -39 -67 -28 22 -16 44 -35 -17 75 13 -72 27 -84 39 20 53 8 -10 67 94 78 -5 -43 29 94 30 -90 -52 98 17 6 -100 -34 -67 -63 -14 38 -41 -20 -41 -74 47 -45 -64 -21 
99 19 -39 20 34 -57 23 14 85 -20 -83 -84 -83 71 -43 75 -90 -49 -99 75 35 -91 30 78 14 50 49 -36 -8 66 -10 41 -32 -87 84 -9 88 -37 82 37 70 95 -73 -29 62 12 -17 -95 -90 -49 59 -30 -66 -94 14 39 -18 71 32 76 -83 -58 11 -60 -28 87 66 37 -74 47 86 61 -89 65 -69 92 -58 -54 17 3 -77 100 -7 21 -53 83 54 26 96 -3 43 -33 -67 34 30 -25 -66 59 -2 73 
13 -64 37 55 -84 -1 48 41 81 62 50 -35 -48 42 -72 -33 -46 -35 2 70 21 81 44 -80 95 90 -24 -72 -27 -35 -49 -84 -19 60 9 40 30 -5 -16 55 37 -90 34 48 -30 -62 55 9 57 -42 -78 19 21 -62 -49 -55 -56 56 71 32 -62 -90 -35 -74 94 65 -73 -61 25 -55 34 -69 52 -86 -17 49 -31 35 -25 33 35 49 81 9 66 59 -4 -78 41 -20 40 -78 64 60 -60 -17 -25 28 19 -87 
64 -37 4 15 -50 -87 -84 -59 -47 -48 9 28 89 46 20 58 25 6 71 3 45 -60 -58 -1 53 -6 -49 36 99 4 38 37 -6 53 100 -72 43 97 17 -75 -83 -76 85 95 80 -11 -47 25 24 -72 43 25 -45 35 -66 -27 35 -81 -64 44 -46 -17 92 20 100 59 79 -75 -90 90 -86 80 -43 -38 12 72 70 -34 78 98 61 -37 21 -27 -13 76 77 -40 -31 55 -78 -44 -14 -68 -96 -1 37 -23 17 -31 
-15 5 -82 -69 23 -83 -96 43 34 96 48 -24 37 13 -40 65 84 -94 -5 -75 75 47 -83 -94 -14 -32 -23 87 -5 -68 -3 -33 13 -86 35 -9 56 0 75 28 65 8 56 -15 -17 -64 71 16 -39 -81 80 68 -10 5 -42 -93 -14 27 97 45 75 87 -69 -40 -79 -44 38 -18 48 -86 50 -22 -99 -32 -61 20 3 52 -60 50 -17 -86 52 3 8 12 72 -25 68 -50 -39 -11 -85 -48 -66 99 -21 75 -31 -90 
-84 -42 2 -69 -48 -84 -42 -33 -40 30 -91 -5 59 21 11 -17 1 74 -2 -50 -20 74 -29 -96 -98 75 -72 24 -47 59 52 11 63 -46 62 24 76 6 46 80 73 90 -74 24 -73 -78 89 39 10 -45 -38 -71 -69 -29 -21 6 7 99 -12 57 -44 75 43 55 100 -39 -6 71 -75 98 -93 -91 -79 67 54 1 23 7 100 30 -42 -34 -22 28 -61 24 60 -96 -97 -63 -63 23 -95 -50 33 -53 -78 33 -56 55 
69 -73 -34 -55 52 -85 -67 -13 47 -12 11 37 12 -17 32 -43 63 -30 -67 60 67 -7 83 19 67 -29 -49 -14 98 93 -28 -24 52 -41 8 98 88 -44 -23 50 -31 69 22 -15 -48 -81 54 66 41 -9 96 -34 82 -3 -48 10 82 -90 57 23 -57 -16 -25 -10 26 46 -35 -86 -42 -61 -89 -52 -8 -19 99 58 -74 -66 -90 73 29 -79 -62 61 -82 -5 56 95 84 70 41 -53 85 63 -63 -21 -19 -48 0 -77 
-54 89 -60 -14 43 -85 -40 80 -18 -7 -24 -29 -25 -23 -99 -47 -52 -5 -65 -54 82 -79 6 10 -1 -50 -39 24 -29 -19 92 28 -82 22 18 29 89 -47 64 40 75 -81 -32 -76 -2 62 -1 16 -91 65 27 52 -18 55 21 -28 -43 -83 76 62 -13 92 21 -9 63 -7 80 91 -79 53 -27 -24 11 -97 29 -99 -53 3 87 -27 76 -24 91 -99 46 45 54 -39 -100 -44 -28 93 11 68 -41 -26 -52 57 -59 -94 
-73 71 -22 -35 45 -61 -9 -89 -39 12 69 -17 17 -62 60 -54 98 -28 -82 33 -67 -13 -1 69 98 -45 -8 37 -75 -76 32 -56 -57 71 -62 -58 39 0 82 -29 22 -3 4 24 -42 -59 -88 38 -80 21 -83 -55 -57 67 -7 -56 -84 -52 -62 -76 21 -99 -28 2 -54 -18 -29 45 -4 77 20 -84 32 46 -99 -73 82 -41 -98 55 -69 -78 98 22 92 67 67 94 31 44 -54 -57 40 -60 79 97 43 -34 -4 54 
-37 51 87 -30 -63 -17 54 75 29 -81 -53 28 -88 94 -29 -34 -71 64 -73 86 0 -15 -6 39 23 4 43 1 13 16 34 72 -60 -13 66 -22 -31 -56 -2 -91 92 -12 34 81 -81 57 78 55 -37 -22 5 -57 -91 88 -96 -43 26 7 -11 35 -60 -3 67 -93 82 -48 -78 1 -76 -44 3 2 69 -68 3 -34 52 -63 -62 -90 81 27 10 -48 -73 -74 -88 97 -5 -30 43 -2 65 -22 -47 55 44 -69 16 -35 
-39 -4 -7 67 100 -71 -65 -99 47 9 -14 35 40 -30 15 -79 -29 10 59 -4 78 48 -15 76 -58 -77 46 -30 27 -69 5 62 -30 92 -81 72 -77 -76 -99 -72 68 -15 79 4 -74 19 56 86 12 -76 -63 -54 -52 34 22 -39 -72 -42 -91 -48 90 26 79 89 -51 48 -39 43 26 -79 63 -59 -13 20 37 -83 8 -52 88 -20 -68 40 33 -49 -25 75 -47 -29 89 -72 67 78 67 -92 -73 25 -49 16 3 -79 
-83 -25 -95 -53 -4 -54 -90 -51 -75 38 15 71 -81 -99 36 74 95 -8 10 74 65 -28 -51 57 42 -90 -48 21 -2 -49 57 -93 -61 17 36 32 -7 33 -89 54 -30 83 -89 -25 84 82 -100 64 -92 -59 61 64 -76 89 -1 82 -54 60 -88 64 18 -58 -15 82 13 54 -87 70 -58 -19 -11 -46 -36 63 59 67 -92 -7 94 7 25 3 44 -81 -74 33 60 65 72 10 -73 -27 53 -2 68 -4 17 -98 -59 -72 
88 91 0 44 46 97 -74 10 -15 -94 2 78 -69 30 92 48 -99 73 -20 21 25 -18 94 -17 84 96 7 70 -59 -1 -73 -14 29 -10 -73 77 41 29 -22 29 30 -1 65 -52 -40 -22 25 73 91 84 -2 98 -63 -46 48 -84 74 61 85 54 -22 4 10 -14 -22 32 -45 -34 -93 -51 37 100 -99 -28 -21 57 14 39 -23 -93 -82 14 45 30 -39 -49 -78 5 27 58 61 -73 -90 -93 98 -18 10 84 -20 39 
-62 -31 -46 51 -41 -27 64 62 91 -71 -36 93 64 70 -10 26 -59 71 -87 71 29 88 17 26 8 61 -17 10 18 -13 -84 10 54 -49 -2 -87 -30 -62 55 55 4 4 7 51 -38 -80 49 65 99 -71 -97 -4 66 9 48 60 35 -14 69 -18 66 67 77 73 -40 -25 -85 -17 -27 -34 -44 -44 96 -65 -67 80 38 80 7 -72 1 -49 14 34 77 -12 88 94 -100 -82 -90 5 44 64 -66 21 -56 -38 63 8 
-21 41 -89 93 -60 77 31 -16 -82 72 -33 -81 -11 8 -94 -54 21 -93 -28 89 -31 -3 93 91 49 -40 23 -14 -26 -13 -87 33 -60 18 -6 -21 63 23 -26 -46 99 -77 54 91 -99 88 18 -99 9 -97 -32 -63 -3 -34 33 89 40 -57 18 -48 57 -35 65 81 91 -81 -30 71 27 -100 48 -59 98 -7 -30 -26 98 69 93 61 31 35 -90 54 -14 55 -60 35 -89 -13 -6 -50 4 -27 56 -46 65 85 29 43 
63 22 -82 -87 39 23 -51 63 31 -73 59 -61 14 -68 -30 -95 64 -34 43 72 34 76 -81 71 -75 -59 -19 11 68 62 -21 45 -62 -8 58 -60 -90 82 33 87 -80 62 58 8 -32 96 97 -49 68 70 -18 -79 100 -43 80 71 -12 -52 -7 -39 -42 -97 -82 69 -37 37 -6 -32 -89 -9 -37 -85 9 -45 89 99 71 -26 56 -92 -49 -60 44 -72 87 83 -27 34 98 -21 3 68 24 -29 88 7 100 -100 -21 -96 
