94 15 -34 -74 78 -24 45 -77 44 34 -86 -40 17 -91 25 -37 95 -55 -63 77 -47 -40 -4 38 -3 67 62 32 90 15 -43 -92 96 -42 95 70 -32 95 54 89 83 -34 99 -87 26 -59 9 -94 -94 64 16 -56 68 -48 67 -22 -87 -69 -59 20 82 -92 -29 -50 -54 -42 12 -86 -36 69 -37 27 25 92 -26 -11 2 -92 26 76 -47 -84 -67 55 -58 -8 -49 17 45 -33 16 64 37 74 -12 -26 -51 -91 13 -64 
89 -79 88 -97 74 -46 -36 -47 98 -58 -81 74 20 -66 78 100 -5 -37 57 -37 -98 -57 -15 8 96 87 87 -4 38 -57 1 -22 37 -46 -51 15 -43 55 76 -70 17 27 52 -26 73 -8 38 -29 30 26 -46 14 -5 -7 4 -23 -42 -26 -79 -13 4 73 -5 -22 26 -97 71 22 -49 -30 40 -40 -46 -89 71 -11 64 11 27 31 13 11 38 70 -72 -56 21 98 68 -57 73 -5 19 -90 -13 26 -73 65 -100 -65 
-65 -81 -68 5 56 63 0 37 -24 -76 -60 -5 4 -61 -14 -59 47 73 44 48 30 82 -44 51 -76 24 78 13 42 7 60 -27 80 -53 30 75 69 -82 -82 72 -4 -12 63 -91 -34 -73 -13 9 -99 78 -31 -50 -98 27 93 75 38 -32 -59 -99 8 -13 100 68 -16 93 -100 -21 -36 72 -87 38 87 -22 -48 -66 27 73 -97 -45 -94 12 37 -98 34 15 84 30 -12 -17 93 2 97 14 28 -88 -30 38 95 -83 
-33 27 -55 1 -8 61 83 -35 18 75 -14 -53 33 -6 -23 10 -15 72 60 21 85 4 -60 -28 -79 31 -39 -84 78 -21 84 -46 12 -83 -41 79 -97 -6 16 -27 20 92 -89 95 -17 -14 -64 -17 22 2 59 63 -11 79 -64 -80 92 19 20 -87 -61 -28 23 -70 -6 -17 76 77 28 39 -82 -68 -22 85 74 -14 75 74 -16 -26 56 -59 4 47 -48 -55 45 51 13 -65 32 -27 -67 -23 -29 -27 16 -31 47 52 
61 -95 63 -51 46 68 -54 -69 -82 -34 80 47 2 47 -40 12 10 81 -71 79 68 -69 -11 -14 29 -49 100 47 19 12 89 -55 -66 87 -14 16 -55 33 32 -57 -64 -63 -65 64 74 -39 25 18 35 -54 44 -98 -46 -17 -19 -64 -47 15 71 -74 -85 10 62 -22 12 -72 29 -72 80 -49 99 65 13 43 -57 12 -43 -13 79 -63 -39 57 0 19 57 39 40 38 -62 -11 79 -45 -100 64 5 24 -40 -61 71 -1 
-29 95 -39 50 20 -35 -41 17 -21 18 -91 -37 -45 19 91 24 44 19 -72 -78 -37 -21 -72 -95 79 70 88 25 -35 97 95 -68 -89 -19 -47 -10 -86 -20 56 54 15 -73 -42 -75 -22 -42 70 -36 92 14 95 -65 -9 60 -80 -55 51 4 98 93 93 74 -78 -59 72 66 100 78 -37 47 44 -37 -80 -14 19 -31 7 85 -56 -96 -23 -3 99 12 36 60 -76 -95 -58 -17 17 -33 -91 -18 94 38 -23 93 -37 -88 
-47 -43 10 51 74 72 -12 84 69 39 92 -19 75 70 15 -96 -10 71 66 -84 -84 -96 -9 -7 -49 17 81 3 41 -1 32 -98 -61 -59 54 94 52 44 -99 -65 18 -31 -59 97 -41 75 -11 -37 -82 -36 -46 64 8 -72 -74 -20 36 -85 -74 -54 35 97 -56 -87 -70 80 -48 -85 -78 71 -81 -45 13 -57 75 29 25 -42 84 69 34 -94 -81 35 -4 75 -8 55 -20 -23 -35 70 -51 48 56 72 57 11 -96 -56 
93 -23 72 92 -63 64 -31 24 -27 62 96 97 49 84 -63 74 -24 -29 52 -11 -56 5 42 73 -56 92 -71 -76 -76 -40 -53 -73 -27 2 -68 3 -84 -15 -18 -67 -33 -17 -26 -57 -67 -97 -58 -21 -74 0 -53 -59 -70 -94 100 -28 -41 -95 34 64 -93 -37 43 -98 51 39 17 8 -88 88 -64 -19 58 84 5 -57 10 -12 -50 -10 -5 -79 26 96 -59 99 95 -96 62 2 75 70 -82 48 1 -8 -56 33 -55 74 
-74 -91 -26 -33 29 -92 -54 78 -21 -5 -95 71 76 30 24 -16 54 50 -49 65 70 -43 89 -37 -1 -94 27 88 70 94 0 86 -11 -11 -3 -2 -75 60 99 45 58 2 28 -59 100 -2 39 -98 25 28 -18 -9 -2 -27 -44 60 67 -15 73 84 -26 21 46 -24 -42 83 -53 73 -91 -3 -61 67 -35 7 44 84 74 -6 -92 -56 -90 -55 -44 -53 14 -2 -22 32 -9 0 77 -93 53 -40 49 -36 60 81 32 -76 
-97 96 -84 5 -78 -78 -93 82 86 43 -83 -89 -53 -82 34 9 -22 -43 85 25 65 -75 89 -57 38 -72 -36 -42 49 1 91 97 -58 27 3 -73 -6 -28 14 -82 -67 19 -61 16 93 -52 20 -75 7 49 21 -93 -79 -45 91 42 55 97 -37 -93 27 -29 -23 35 -78 87 34 -1 -52 -9 -62 -37 -80 -60 95 30 -91 76 23 -70 -1 -63 40 78 43 12 -30 58 -11 43 13 74 -17 -43 -75 61 -54 13 -16 58 
38 19 -53 -77 -60 19 88 67 -57 -31 3 55 61 56 -86 -60 91 19 95 -93 16 -20 58 -35 97 96 -28 -12 -73 58 -77 -13 7 -14 -61 50 -87 -37 -77 -93 -90 -87 74 59 -87 16 56 -58 100 -55 96 -2 27 -53 35 -60 51 30 66 -43 -24 13 -93 81 -48 -7 77 21 -77 74 14 -60 -77 51 39 -49 0 68 -44 -28 92 17 78 -81 69 16 80 -82 15 73 -76 -48 -58 85 -29 44 -96 -93 -89 -47 
-53 -2 62 -2 -52 75 57 -60 74 83 28 -7 32 10 93 -90 45 -78 -71 -1 -64 2 73 -10 59 -25 15 -14 42 33 -27 40 10 88 92 -76 -40 -41 -88 -29 68 18 98 -8 -72 29 84 -20 -15 44 93 -57 -77 48 76 -10 -9 59 95 24 80 34 17 41 -50 -64 36 -88 -60 -55 12 67 -21 52 -9 -99 -77 -83 16 66 -93 66 57 -20 67 8 -4 -40 23 -35 -25 32 80 5 -76 -74 8 -93 -6 56 
6 -94 84 86 -54 2 54 -59 63 -93 48 6 70 7 52 80 -22 92 -17 85 29 66 -87 -17 21 53 75 -68 -44 58 -79 -91 -74 68 99 9 18 24 14 -38 -18 -75 74 -99 7 85 87 41 35 18 67 2 98 -37 -68 -68 -92 38 81 -98 -70 51 -95 -87 22 -15 10 31 -74 12 10 -7 -38 -69 -45 0 -30 69 95 -66 -15 17 84 28 -24 -54 -94 -99 81 -22 -61 -32 7 -85 92 44 -2 11 -85 0 
-64 -64 4 -54 -98 67 4 62 -69 -62 78 83 -51 43 48 97 -17 82 56 43 -4 3 63 46 2 82 12 100 82 50 -31 -72 1 -8 83 87 6 -32 92 9 72 90 -59 -92 52 -51 -90 22 65 -36 -84 64 24 50 -18 -36 -93 -34 88 23 88 -62 -38 20 38 86 -50 -7 -41 73 67 -42 43 79 -90 40 95 -69 -5 -98 7 74 -11 -43 -60 -67 -73 -77 54 89 63 84 -61 -52 25 29 -23 29 -34 -3 
11 64 44 -93 17 5 54 53 55 -33 -24 -56 89 -15 37 65 73 -60 57 -66 79 84 25 42 12 12 -32 -65 -94 98 -34 -86 -54 -70 84 -16 72 35 -43 91 91 30 36 11 61 8 -24 89 -59 -57 -14 -60 6 78 94 78 -6 17 91 -70 -37 25 40 72 77 -24 -98 83 -56 16 15 53 -97 49 -14 69 -14 -34 -27 96 35 -90 -48 -92 -38 -68 28 27 45 5 -87 23 -81 -24 -14 -75 -64 100 -73 -95 
-37 45 -96 4 64 38 90 -26 -63 47 -8 -90 1 60 -73 63 23 82 50 -91 -93 -22 8 -38 -94 -19 -56 -77 -67 -64 58 73 63 -90 43 -20 98 -14 -50 -95 88 -64 -59 -94 31 65 100 -97 62 -18 11 -55 -68 -53 78 88 -65 -40 -57 -69 -71 -45 -48 -65 65 36 25 -88 -13 21 62 83 -39 -69 -31 76 6 -23 93 -91 -3 -54 -48 61 -68 -93 73 81 -33 22 56 13 -19 -65 59 95 18 -44 0 -64 
55 -54 26 54 -15 -98 5 -14 23 -3 75 7 -10 -66 52 37 60 -52 25 63 46 92 91 -64 18 68 -70 55 7 30 -44 29 -92 -65 -41 -94 -99 22 -39 -59 -80 84 68 50 -74 -99 87 96 26 77 44 81 30 18 -85 68 14 -36 0 -26 -96 85 -81 43 9 6 27 60 -19 -48 -86 -17 95 76 -12 -75 86 62 -52 -62 -21 66 -29 -86 -18 -92 69 44 66 -4 -11 33 -12 34 -75 -22 11 1 78 -78 
-71 -17 -88 89 -87 -8 -1 43 31 -86 -3 10 -34 58 -38 64 46 30 90 -19 1 99 -68 -80 49 -3 14 98 31 60 63 92 -68 -25 -91 -45 -27 -74 -25 68 -54 32 -78 72 57 -42 -67 -65 36 41 36 -7 -73 95 -55 61 75 10 2 -45 57 81 -25 16 39 -62 -19 34 -62 22 -62 -19 -23 -2 -3 -89 75 -45 26 -32 -53 8 45 -68 66 -49 -5 -36 -27 28 -68 13 47 65 82 87 19 26 69 -57 
61 43 80 73 5 28 14 75 95 99 -71 -54 11 -2 70 43 36 -88 -8 -87 -38 -6 -48 6 -71 15 10 55 -7 -76 -100 77 43 -6 11 -92 11 -35 41 60 26 -93 -78 -21 -25 87 -30 7 10 75 -33 -51 55 12 80 11 -79 66 -99 -18 36 70 16 -17 -86 -26 -61 -55 17 -31 -50 -15 18 46 97 -61 -46 -97 -16 47 81 99 16 69 -1 24 -30 52 24 -27 -61 -63 57 -34 7 81 51 67 -45 -6 
96 40 -78 95 81 2 77 13 -54 -28 57 -54 -70 -70 -30 -3 -98 0 -86 62 -64 -35 -50 -83 -22 -56 -15 63 -56 28 -96 -17 -11 -89 -58 79 32 96 15 -43 99 -85 95 -27 -18 13 82 20 45 -83 72 -21 -70 66 -13 48 -91 -57 -85 100 -62 22 -37 97 -27 -73 -41 -21 10 62 -96 -79 11 -65 -59 0 97 -46 47 -51 68 -35 -78 -100 33 -90 -11 82 -58 41 40 97 19 20 6 -92 -52 -14 54 34 
-53 -68 71 53 -67 -37 -65 -49 97 -11 -24 -68 -69 87 61 53 -86 4 47 -35 75 33 68 29 9 -72 -74 -43 10 62 -90 -17 84 91 -2 83 -41 -32 -95 70 -52 72 -20 -85 -41 -77 -66 18 6 -13 -92 31 40 -86 56 -77 67 15 19 30 74 -71 33 96 -88 26 52 -30 -38 -79 -11 -12 -29 67 -78 1 14 -42 58 -23 35 33 -38 64 -54 -37 46 57 -15 96 37 -77 -38 -15 -79 53 -27 -1 -92 4 
41 -8 90 8 3 70 -64 -57 -66 -3 -16 -25 -11 32 -1 -1 -40 -29 18 64 68 -100 8 -36 -11 -100 -14 -46 -68 91 -65 -20 -69 85 -2 100 77 -16 -68 -50 -6 1 -20 26 9 -67 27 35 86 42 48 -74 -84 -97 18 -69 -35 -37 35 -62 -28 10 -30 67 30 57 41 99 24 18 -66 48 -10 -60 17 -47 -47 80 -85 -2 17 41 -71 -17 -32 23 -14 -70 -76 -53 46 53 -62 66 11 -52 63 -18 66 34 
-34 78 -43 24 -44 -89 -9 66 -87 -46 -7 71 -2 42 43 -28 -11 3 27 -30 4 -82 90 88 18 100 10 82 11 -11 51 99 50 20 -89 17 -13 77 24 35 80 -51 12 -4 -85 -17 -35 -94 4 20 -55 -85 -52 -63 -59 -23 3 47 -40 -27 79 -90 -30 48 -8 65 -2 6 -10 14 85 79 19 -97 68 -100 -59 -14 -36 63 24 -44 54 -75 -2 -16 68 67 -70 -37 -83 96 8 -2 83 66 -16 15 -2 -58 
99 89 74 26 12 -62 57 -8 74 24 -20 51 98 -72 16 -98 -49 -6 -18 17 -88 76 73 -33 -65 57 57 56 39 64 -53 -29 -79 -31 22 -5 -51 28 38 -67 -32 17 -98 4 -85 63 86 34 -89 7 21 -27 77 -100 29 -58 -4 -91 82 -40 -20 -17 79 -31 -19 -89 70 35 41 -38 0 -39 16 -92 -33 9 20 -42 -50 -78 -92 -13 -42 -13 -100 63 82 -26 -22 -34 -63 -34 40 -20 2 37 17 -51 -27 55 
-13 -70 85 91 -63 -66 36 91 2 42 -20 38 -4 -8 70 86 21 100 -32 18 28 -51 32 -69 51 -15 -72 -54 93 -20 24 -94 48 92 -17 52 -48 -7 55 24 -74 92 36 -91 -22 -6 -32 28 50 -21 -57 100 -41 -97 -85 23 -41 -64 -80 -69 -78 48 3 23 12 2 -100 -58 -99 31 73 -85 65 -7 11 -85 21 -94 -83 -71 42 65 -73 -71 -34 99 88 -99 -28 82 -92 -49 19 -83 -12 -7 -31 9 22 -7 
-33 26 71 68 -57 10 -78 3 85 60 10 74 15 -24 -91 98 -88 1 43 -57 11 -76 17 -25 24 41 -4 5 -51 -53 37 58 9 3 31 -98 -43 -66 100 45 -70 -2 100 -30 86 -62 -13 3 -51 90 66 66 95 55 -98 -95 -58 71 92 -52 72 2 -77 87 -50 -40 35 9 45 -26 -54 -92 -43 81 64 82 8 24 -88 -39 -1 -90 -71 12 -74 -9 49 57 0 47 -38 -52 -40 -26 92 0 -46 -20 -51 -78 
-44 -7 43 77 10 -82 53 48 72 66 74 -95 2 -55 24 85 -99 67 0 51 35 74 9 -23 -78 43 -11 86 63 -55 93 -39 -75 59 81 94 2 -90 36 -13 -49 57 49 25 9 97 -70 -97 -88 -5 35 -33 75 -74 -27 -46 71 -35 91 26 -92 -90 -47 1 -56 67 -14 89 -71 0 0 46 61 97 82 7 -83 80 9 -43 97 -20 4 69 -96 70 13 -2 -35 45 75 -40 74 0 93 -39 41 -91 -69 19 
47 -63 43 -97 28 -80 83 58 -5 55 12 60 -30 -18 44 -69 49 -88 32 -24 10 -63 -76 -40 -96 -84 -4 -80 -55 94 -66 -76 -4 59 8 100 -12 -31 62 30 -71 -23 51 95 89 -14 -37 27 -76 69 41 -59 -11 68 53 -66 -72 95 42 97 92 -38 -98 -50 -82 -15 28 67 -87 6 -53 -35 -90 -66 -94 -97 18 61 70 98 89 -7 -16 -62 64 -64 -70 49 -7 71 -45 54 -33 -75 27 17 -45 -41 67 4 
80 17 26 -89 -94 42 62 92 -11 62 46 -44 -60 7 32 16 -13 88 86 -85 26 -28 -12 -5 -13 -36 90 98 0 83 -30 -88 80 28 84 85 18 82 28 51 52 43 -4 -13 97 29 24 41 -53 -49 74 31 7 30 54 -94 23 75 93 -14 46 69 31 7 86 5 -26 -19 89 -79 41 -68 80 20 99 57 -10 -70 38 -100 -93 -21 -46 42 -66 59 -55 -21 -71 14 87 53 64 48 20 -98 71 68 -12 -90 
65 -95 67 98 67 -46 -100 -9 -96 -48 94 73 -27 49 89 -50 -93 65 -82 -94 -17 28 57 -22 23 -56 30 44 87 88 -86 13 -86 90 -73 -75 17 89 47 -57 -96 39 -39 -60 21 -22 -35 99 6 -86 -6 -92 -100 95 -83 76 -100 -96 29 17 -9 -59 93 23 -9 -87 -80 1 -79 59 -45 -94 43 -93 20 -7 -92 39 98 -43 67 -87 -49 -30 -39 97 75 53 -66 78 3 19 42 26 15 -48 19 -93 -4 55 
0 91 96 -46 -58 96 -100 -77 100 95 3 -95 94 -61 -46 -22 -81 -23 -51 -70 -39 82 21 -45 75 1 71 0 49 98 32 76 14 -44 67 77 93 -77 -99 20 -38 64 81 36 68 38 -79 -72 -39 16 11 -79 11 -91 34 -46 31 31 -54 -87 46 -58 -22 64 8 27 -31 -56 -87 21 46 -4 53 25 -16 -35 -80 40 -64 -55 81 -58 93 23 97 -88 -86 58 77 54 -56 63 -45 -64 53 27 32 39 100 69 
79 1 -93 -5 65 60 -6 37 12 -55 -46 86 48 38 -3 -3 -94 -29 22 -37 17 9 -51 73 -16 -60 80 47 -70 45 10 -62 84 -68 -8 37 16 68 -5 94 -54 50 -57 90 -10 16 52 -37 -15 23 -30 26 95 -76 90 -53 34 -11 32 -74 -99 -44 -34 -52 43 78 60 -24 53 75 -24 5 -79 -10 19 -23 -92 -86 -62 44 53 35 -75 -95 -18 91 79 -100 -69 -83 53 -57 -91 87 -100 19 68 42 13 92 
49 14 -31 25 71 -60 32 -77 -5 52 -82 -1 13 -62 -41 -12 9 21 -19 -80 70 -99 -30 65 -89 40 4 36 81 -36 54 16 34 37 -76 7 -53 -53 -25 72 64 -8 25 -84 -62 52 -89 -100 -16 -79 -88 92 -89 -98 30 -71 13 67 83 -85 -32 -34 -64 -10 -66 33 64 -87 -89 64 -61 7 -45 81 98 -52 47 52 -54 -16 -17 -76 -32 91 3 60 36 5 6 99 -15 69 -55 -72 82 -13 -2 88 5 -92 
-89 41 56 -97 59 -3 76 -84 100 -62 -13 66 -3 42 -33 -40 13 -97 95 66 96 31 -5 -83 82 -65 55 83 80 -76 -2 94 65 -40 -85 86 -55 -87 34 -100 -6 85 -98 2 9 -87 60 29 11 36 -39 30 88 23 -19 -93 -28 21 -79 -43 12 20 56 -36 79 53 72 -43 53 80 98 -53 91 58 40 -10 46 84 21 3 -10 -50 3 -6 -26 4 48 9 -18 -74 82 66 14 -41 -1 71 -22 30 49 -48 
1 -80 -93 33 -5 43 89 -9 94 96 51 -39 6 63 27 21 80 -14 -83 34 -81 -33 -42 -92 43 -7 -29 37 96 3 -23 -76 -86 64 70 -85 -68 -16 26 76 -85 95 47 -62 -72 29 36 17 -90 85 -86 15 -24 36 27 8 60 11 34 33 -60 95 -38 -71 9 62 -83 98 -69 -25 27 21 -10 75 -8 -61 48 -99 -42 72 36 -3 -63 7 -79 38 24 -7 24 88 60 -4 -12 23 1 41 -11 -80 30 -14 
-85 8 -65 -20 88 42 -33 19 50 -76 58 30 -67 -21 15 60 93 -49 -82 59 16 -42 82 55 -69 97 82 -55 -82 -37 -55 -23 6 -27 -69 -95 -24 -3 -87 48 -79 52 66 -51 91 -99 18 -8 57 15 -96 32 25 -82 -63 -5 -8 92 86 99 -3 74 79 -65 -26 56 8 22 76 66 100 -19 -33 45 67 48 12 -51 91 49 -2 -54 21 -90 -20 -22 63 -35 -33 74 8 53 71 60 -58 -37 26 -18 61 17 
7 -45 6 -63 44 -18 -15 99 -84 22 9 -6 70 32 20 75 11 -51 -13 85 -15 -86 80 41 87 13 28 -8 54 -5 85 63 -69 -28 15 -98 -73 -16 -55 -65 -14 -77 -86 3 80 67 48 44 74 90 -61 52 35 -76 -91 79 -86 65 88 -79 49 -41 -78 -53 -82 -23 84 -41 -24 22 74 -56 -43 -72 -63 86 43 -2 -17 -2 -69 -97 39 -45 74 -68 -75 28 29 -67 49 -76 90 17 1 53 96 70 -19 87 
18 94 -24 -2 49 42 54 65 -10 100 -16 -53 -62 12 43 -39 -71 76 -73 54 51 -92 37 36 -63 6 86 -54 99 -4 29 52 -100 78 33 -25 -33 -83 -31 -59 81 -12 -94 24 92 43 -69 15 50 43 -26 -32 -92 -44 32 61 -5 -83 41 72 6 -16 -81 -75 -81 -1 68 29 -70 77 -95 98 66 9 31 97 71 -95 83 -78 -85 53 -11 71 74 -4 81 -22 86 86 30 9 83 71 -97 -91 42 -99 91 46 
60 64 80 89 11 24 46 25 2 20 -94 58 66 50 16 20 -56 -72 9 -38 -37 73 -13 99 -47 13 90 -65 -80 -52 85 51 -88 7 -88 -33 61 -11 -54 26 -3 45 36 -23 42 -81 76 74 -55 -7 32 94 55 13 35 63 -32 36 -33 -39 -18 62 -77 -62 -52 12 92 10 -13 38 99 58 78 30 -25 69 -35 88 91 -5 -46 90 -22 52 83 -55 28 40 72 62 -4 -29 -100 88 -69 -93 -21 72 -96 90 
41 -30 86 44 -39 -85 96 -7 37 -86 85 -34 -24 -57 -88 -40 71 79 -96 28 -37 60 27 82 17 76 -23 -61 29 37 94 32 -17 -60 -68 -77 -11 91 19 87 16 29 3 18 20 91 38 100 -60 -91 33 52 1 44 -75 -58 -41 16 87 -54 63 5 27 34 64 -92 20 70 -64 56 19 48 -46 -64 -36 36 -2 -17 13 51 -20 -1 -35 44 -21 52 -6 37 -79 -90 4 -77 -22 70 1 -51 54 -40 82 27 
-84 -61 96 37 -41 -34 87 -55 -22 82 88 94 -48 -96 -46 73 -94 -97 70 -43 -94 -22 60 9 -96 83 33 64 97 -47 -74 6 -21 36 -53 -22 -61 9 -48 -71 13 4 12 -22 -30 -68 2 22 82 -40 -47 23 -86 88 -9 10 -70 32 27 -99 -29 -13 -47 69 17 55 -69 99 -51 -61 -15 -100 5 -40 56 -21 -52 16 -96 -80 37 95 -88 -80 71 -33 8 27 66 -41 16 85 -4 62 52 -19 -82 9 -41 -52 
-75 37 -65 26 61 96 60 -78 87 68 -37 71 -75 14 -36 -86 59 31 85 -24 92 60 -41 57 72 -36 14 -70 47 -45 -39 -16 -33 98 69 48 61 -65 10 26 -61 -10 -17 -85 -47 61 -45 -79 -84 79 21 4 95 11 55 -99 -93 29 -71 63 -72 -32 36 34 37 23 32 45 -95 -68 -98 -32 -78 92 21 78 -58 -52 24 -54 67 -18 -59 16 -72 -80 2 -46 19 -35 25 0 4 74 26 66 36 73 -5 68 
-40 22 -29 -14 -48 -33 -50 77 -65 99 39 53 32 -68 -82 -92 9 88 19 79 -71 36 -68 65 -56 28 -43 56 -41 -32 -17 -37 -67 -78 61 95 -5 5 -42 -29 84 38 56 58 57 -8 21 90 96 -76 -32 -23 -40 41 2 -92 17 81 -23 94 -83 -74 41 88 79 96 0 -71 62 -42 -68 -6 30 85 21 -4 -75 -72 -97 -1 -66 -10 -90 -55 65 22 -15 32 -97 -78 10 61 72 -48 -71 56 98 -54 -64 -93 
-91 25 -28 46 49 14 -78 7 34 4 33 69 20 -59 -64 -74 -46 -11 67 59 12 -82 -13 50 85 -60 53 -15 67 -2 -79 -29 43 -65 31 83 36 -76 -80 -9 -55 -81 80 -67 -63 -89 65 37 84 -15 51 3 -43 -63 68 -97 72 -24 45 79 -77 -4 31 -19 85 7 87 -19 -34 24 79 -81 -30 -79 37 -88 -38 -28 -38 100 -91 67 -61 -84 67 87 14 23 -52 -55 97 -12 -45 -17 -70 99 -29 -63 -22 -39 
-89 -72 25 -31 83 -69 -58 -88 -49 -10 -43 -47 52 -77 53 -31 -100 -60 70 -48 -65 45 58 2 2 22 51 68 3 -27 -47 96 61 -21 94 97 -6 -100 -91 -69 89 -5 -10 18 -18 -69 -9 79 65 -63 -96 30 33 36 -12 39 69 -9 41 54 96 83 -92 5 -48 -50 90 -35 -87 -86 95 1 52 -52 -40 -76 51 -99 -56 11 15 80 -97 -51 -87 46 30 -14 -43 -4 -44 45 99 -26 21 -84 81 53 -20 -87 
-80 98 -97 -87 -84 80 -13 13 90 79 -81 1 -29 44 36 34 -28 -70 22 -27 86 94 -13 -18 99 85 57 -46 6 3 44 -11 -89 -41 66 -54 -93 -79 -93 27 -76 38 -30 41 -45 74 -24 -2 85 -96 100 50 14 -27 30 8 12 -85 -45 38 20 -41 44 69 65 96 1 83 85 59 -85 -38 68 100 70 35 9 -79 100 -67 -6 -8 -76 -3 -92 -39 54 -8 -73 -55 98 -27 -84 25 -89 -38 40 -28 -23 -99 
-28 -45 -48 -23 100 -36 95 8 -85 -1 -95 45 96 -27 -31 65 -17 99 -43 66 53 -66 -66 60 1 93 32 -54 -63 14 22 -56 -93 11 38 83 72 -15 32 10 -71 2 74 -71 -92 -20 -52 -48 14 4 -94 -95 99 2 -37 -31 -70 -63 36 18 -11 -3 -92 63 55 1 29 19 -84 34 -6 61 -97 -36 -84 -91 36 -23 -18 18 65 1 -39 -48 6 -79 -10 1 -11 -54 -75 -24 -35 -38 63 73 84 -11 78 -71 
6 -11 -50 -9 -31 -4 -66 74 26 58 -77 40 -59 58 65 31 -47 75 -63 29 -55 -89 -42 21 48 98 84 72 54 -58 -53 -22 -76 55 -33 -17 -87 20 -20 81 -42 -9 73 38 63 -99 -47 0 -33 -75 -60 79 -28 41 -45 2 -41 27 -35 -4 -1 -68 -14 -39 52 40 -13 63 20 -21 -47 96 -58 39 -70 1 57 70 -80 74 89 17 45 -89 -9 82 -10 18 27 7 6 -93 5 25 -16 -85 83 -21 -53 -79 
-47 15 81 -17 69 22 10 -90 84 -57 -3 -75 -93 96 94 47 -50 48 -19 79 -29 -36 47 33 -38 -30 27 -94 72 3 73 37 -36 -53 -44 59 94 -56 75 -48 -80 -8 87 -13 -69 35 3 88 -42 -14 19 95 51 -92 61 30 65 -92 -19 98 78 46 0 83 -53 25 28 -95 -83 -99 -40 99 -88 83 -42 -94 -12 -48 88 44 -43 51 -2 -24 55 93 -63 54 11 33 50 26 -76 -26 64 -84 13 -86 87 -20 
83 50 -64 30 -83 45 16 -61 39 -90 96 47 -56 73 23 -84 -46 -90 43 95 -12 -44 46 82 -86 -98 21 33 98 -93 -94 78 -87 65 63 -44 88 25 -72 -42 -23 -26 -36 -18 38 69 68 -93 -34 -61 -22 97 -31 100 54 -90 96 -80 2 -20 -42 58 97 -99 -82 -73 82 -90 -37 -56 76 0 -50 -3 4 62 -47 -64 -77 27 27 76 44 4 37 21 -5 -72 -80 -42 56 -65 84 -91 -72 -98 -25 -15 3 51 
66 92 15 -7 -94 -53 -23 95 -53 -29 -42 16 44 45 87 -21 90 -66 -9 -38 93 46 -70 -90 -37 -21 29 -83 -10 59 -27 -23 -1 -72 93 96 -20 96 75 -5 -55 4 32 79 -22 -47 -42 82 -91 62 -81 73 76 11 -34 36 90 88 74 69 40 95 -13 22 57 83 78 95 -90 31 -74 -30 85 26 -37 -6 16 -83 15 47 -41 62 13 64 -91 -45 100 84 47 -67 74 -25 42 -97 -7 -53 74 87 -1 -37 
25 30 49 84 77 -49 22 -33 -12 38 60 13 44 36 25 8 56 -76 -66 -68 38 3 6 -9 3 -67 -71 49 29 66 -58 22 -42 87 76 -51 -67 -100 -42 -38 23 0 -7 81 89 -89 -62 -57 -80 -18 -98 -95 -60 -87 24 36 -18 -20 -42 -57 -21 33 -34 78 -85 89 25 7 12 -88 -66 -39 51 24 -47 -97 -20 78 34 4 -44 -27 -6 62 -97 79 60 66 -4 4 -55 -35 29 -70 -48 -3 95 39 59 73 
-43 -76 -4 -61 0 -20 57 76 -85 -12 -86 99 -88 64 87 6 -84 -40 -88 -38 -8 21 57 -49 -47 72 -71 -27 84 93 -53 44 -25 -8 -25 -18 93 -92 3 4 -92 -36 11 -60 73 76 -26 41 54 19 -28 -86 22 -88 -89 -11 87 -31 55 -81 79 -48 -80 76 56 86 63 27 -5 86 29 10 -48 -92 -65 53 7 12 -65 -46 -81 -49 -96 -40 84 18 -27 -62 36 -10 -57 -45 61 18 37 -73 -44 28 -69 43 
55 -81 -6 -11 42 85 54 -60 42 64 8 34 -29 -35 98 49 -87 2 67 71 -96 94 10 64 -65 100 -62 55 78 -8 -40 -95 -76 71 -62 -76 -27 -8 -87 -76 -75 37 27 -32 -2 63 -26 44 12 42 17 -55 -41 30 -19 -73 -45 -42 -70 99 -71 33 4 11 -20 -69 -45 2 91 37 -44 -53 -7 33 40 -46 -59 -10 -71 10 -69 26 -25 -90 -37 61 43 -43 42 12 -34 7 -58 -22 42 -27 26 9 -70 40 
77 40 60 39 -32 -83 5 51 36 -54 9 -66 -48 21 -35 -77 21 -43 34 59 62 67 -78 11 76 -14 19 54 30 -93 59 56 58 -57 61 74 54 39 -17 13 22 -47 -67 -36 65 -51 36 16 -73 74 -48 17 37 37 50 -61 25 -79 -14 -17 -69 -3 75 76 -48 6 62 43 -22 82 -52 -32 -58 72 -25 41 10 -41 -88 65 35 -8 59 69 -72 -49 80 -27 -50 -40 36 -62 -22 77 -66 -20 27 -19 87 -83 
-34 96 -4 -14 -42 85 -46 -56 -4 48 -37 46 81 -74 -81 100 -51 -36 65 -21 -24 63 41 47 -45 27 -11 43 0 -91 -10 -60 -15 90 60 44 -87 86 -67 -32 -52 -9 -21 98 -70 -1 -22 57 49 -1 -77 -14 69 25 -92 -46 -12 -34 40 -3 -31 13 23 82 -34 15 -59 1 -21 -43 73 -91 23 85 86 16 -68 -29 80 -65 62 -80 54 -93 24 -89 -96 17 -46 -15 -28 -3 35 54 -82 77 -4 82 -1 -17 
50 2 97 89 -16 -35 24 65 -97 6 -17 15 -11 44 57 -1 70 -41 -34 -57 14 -23 -15 -76 1 -53 68 53 -78 79 64 -61 30 71 -92 24 60 -84 76 -89 -29 66 -3 -23 -90 -83 35 -20 -71 64 -48 -52 54 79 -38 10 -18 10 -32 -35 -99 -65 -68 16 -55 94 9 6 -65 31 2 -58 -26 56 14 -56 82 -27 55 72 74 -98 -21 16 6 -68 -35 65 -87 -100 -23 -27 40 -15 -65 91 66 89 -88 -27 
29 -97 66 -78 52 -11 96 7 67 89 -19 20 -94 -43 -57 74 -54 -58 -9 -74 -27 -80 45 4 24 -31 86 62 -92 34 5 -73 15 -75 40 67 -49 53 84 68 -32 -42 64 -64 -29 4 43 9 38 18 -76 82 -50 69 44 68 -62 24 48 33 -41 -63 70 -52 -59 -34 71 28 77 91 -77 44 45 -79 46 -35 69 65 -33 87 -44 -68 -95 -34 40 -75 -22 -23 -57 -80 63 76 60 -63 -31 42 4 11 56 31 
36 5 -41 -44 88 23 74 53 -21 -20 36 -71 -49 68 83 -62 51 -89 -81 -76 13 77 55 88 -9 -55 8 -85 98 0 49 61 82 97 55 38 15 -20 -22 67 17 21 75 -10 24 97 93 60 -78 24 37 -86 13 -71 -11 28 -66 -90 -96 84 26 44 54 -4 -23 -89 -57 -48 0 -50 -44 89 -81 83 -97 -15 40 12 99 37 -68 -83 41 85 -70 49 48 -22 -58 17 -46 56 39 75 74 84 -45 -35 10 25 
-71 -5 88 96 89 -5 75 -60 35 100 46 39 71 5 -49 27 -45 61 -86 -71 -94 49 74 87 100 4 44 20 -44 -86 -22 76 67 -84 97 -95 87 -33 4 84 84 -15 -84 -24 27 81 95 80 -75 -83 62 -98 25 -96 99 47 -92 1 -69 -91 -20 71 -70 -21 -12 58 4 -33 -76 78 -17 -93 7 26 54 -61 -13 66 75 33 -7 38 -84 -25 -62 99 -48 -57 -3 18 60 -94 20 -47 91 -74 -91 -99 99 32 
-1 27 3 62 73 -4 88 82 -31 11 -25 53 50 53 24 -45 12 0 93 51 -27 68 -8 98 36 44 -34 -85 27 56 -95 52 -36 -11 31 -26 -57 55 66 44 89 -26 -47 -59 -14 -44 93 -85 91 -49 -90 -56 -5 -27 -21 -54 68 85 -62 20 -47 22 60 -81 79 -42 -52 -44 -5 77 1 -86 -43 68 -1 -89 38 -90 -59 56 79 -48 45 -9 6 -75 21 -70 -63 -84 40 -91 -100 -81 3 -34 98 78 -45 27 
-85 5 -94 98 10 -86 -9 64 54 96 87 32 -34 -99 -16 -97 67 -23 48 99 -68 -15 -30 -59 -27 7 -95 -90 -76 29 1 -12 85 35 -91 -84 37 35 29 -42 -44 -59 88 -47 17 38 69 -66 80 -67 23 62 93 18 73 -95 64 -4 49 -32 -30 95 -66 53 44 -52 -60 33 -64 -21 -31 -49 46 -63 42 98 61 96 -54 52 47 -10 -85 9 -56 -75 35 -28 85 -77 -3 -78 -47 52 -81 96 71 100 -73 -11 
-36 -90 10 22 -59 -36 -2 -36 -88 28 -57 97 -73 88 -92 -12 83 76 21 99 67 -37 -50 -96 78 -53 56 -4 -72 12 -21 -9 -43 60 64 -87 -60 77 38 -87 8 -6 -69 -52 -56 10 -64 -28 59 -3 57 -75 -94 23 34 -99 59 20 4 90 48 -62 67 61 -58 3 -16 39 -27 -100 -22 37 -47 74 -54 -67 89 22 -35 -31 92 22 -1 43 -34 -82 -28 56 -81 80 -8 32 39 -85 -89 83 6 70 -16 55 
-22 2 12 13 -77 -79 76 67 21 60 -31 100 -95 -12 11 99 -76 -60 58 -5 22 -20 24 19 43 -52 69 6 13 -85 45 6 -48 -36 95 -85 76 -93 -23 75 37 95 36 -15 21 65 -97 -15 -63 -92 20 40 92 -97 32 6 33 -11 -58 -18 84 -48 -77 3 62 27 27 -68 -97 -9 12 -16 -8 58 11 41 -39 15 39 -46 -65 50 96 -69 -41 16 87 50 -27 -97 -19 -4 -59 12 79 38 -84 -43 -85 34 
-80 -15 -48 78 -91 97 -20 -11 81 7 74 92 -74 19 -99 77 -68 8 -63 -73 -80 -31 80 -1 -59 -97 -15 50 28 78 9 -50 -88 -4 -83 57 70 -62 35 40 -21 44 74 90 -60 -90 29 94 44 -33 -57 37 -84 -33 70 14 -84 -51 -100 -21 100 28 69 -28 60 -32 12 -89 6 75 35 3 -78 62 15 -93 100 -88 -25 43 66 19 -19 62 -31 -32 -54 83 -44 -80 72 0 -90 19 89 -28 1 47 91 84 
-32 -22 -36 82 -67 -100 -31 -5 -42 -14 15 -54 28 94 -61 -76 -99 71 5 76 -74 42 84 96 -8 30 88 -47 59 10 -53 -88 88 19 -66 -35 61 19 -100 -19 -95 -53 65 15 42 -17 75 79 -28 29 -90 44 -47 -27 -89 -92 22 -49 -27 -4 48 40 -78 -73 14 90 -59 -14 44 -35 -15 17 73 58 68 41 -21 -36 91 -57 -88 -54 -33 44 -58 15 0 -87 38 -100 59 22 17 28 94 89 -70 1 -46 -37 
80 -23 83 12 75 45 16 61 -89 49 24 -21 51 -68 -59 57 9 66 -87 -60 32 -70 -45 26 -3 92 79 -59 79 -8 16 -21 78 -40 -39 -59 -42 53 91 85 -49 3 74 -39 -18 -26 7 -26 -50 58 -43 84 22 -2 -35 -78 23 -62 19 -98 30 80 -85 58 67 -27 79 -24 -87 47 -19 35 73 98 92 -45 -66 42 -63 7 48 -75 -81 72 -20 90 80 -97 95 26 59 69 19 -71 -26 -15 -78 11 -59 68 
59 -80 19 46 68 33 -45 5 29 -44 -37 22 -91 -7 -45 8 -4 74 18 -61 -45 -100 -99 10 24 -79 75 83 -50 -33 76 -33 -34 14 24 50 11 -77 -87 -57 81 89 -28 -74 35 93 -94 94 10 -35 24 -11 61 -98 -19 -29 -71 -56 -65 56 42 -19 100 -44 100 -21 20 -30 62 -92 -80 -78 -53 -91 -84 -80 -89 -31 50 -73 -24 -100 65 81 -94 67 15 -81 17 77 -84 -25 60 -11 -24 -57 5 51 -67 -62 
-31 31 -97 -55 -8 -46 66 -62 60 73 -58 -54 44 -46 62 6 61 40 -90 70 75 -32 77 -42 -54 -99 72 -86 -14 69 -55 -37 89 62 10 -30 40 18 -33 -70 -53 2 -84 80 -41 -30 -22 -60 30 81 1 91 -4 -15 -74 -37 -3 64 98 -18 0 99 -44 -65 -49 50 -93 -76 -82 77 -10 -51 -19 37 54 20 80 -7 14 -55 59 -83 59 -7 20 -97 -67 -16 -55 -55 19 -30 1 -35 -64 77 17 -2 -7 26 
-49 -57 -26 77 2 -86 73 -78 43 51 80 90 95 -77 -65 30 57 -26 -42 35 9 -33 39 -29 96 -19 8 -32 -39 44 78 17 -32 18 10 -53 57 95 62 -69 3 -44 29 -69 -8 56 -81 -45 -7 93 -74 33 -36 14 -97 73 -41 71 83 -72 -81 96 7 -97 45 -88 23 -55 -51 21 91 6 -60 27 26 90 -79 55 92 -83 -89 -41 24 -4 -57 17 -82 -16 77 -11 33 25 43 46 41 -33 78 35 11 -69 
-52 -52 -52 42 -43 -27 84 -64 55 -24 4 -1 -89 -69 38 44 1 -66 20 18 -98 91 -51 -31 53 21 14 -75 100 63 22 -17 12 46 -63 6 -97 -68 22 -57 -16 16 4 -63 -64 -62 81 -58 30 51 7 -34 20 -72 42 -45 45 -98 81 -19 -70 -61 69 97 -45 1 -1 42 -68 49 92 -76 96 31 -7 72 65 12 -54 96 71 -83 -87 -44 -20 -4 38 -29 -2 73 -61 -74 52 -68 69 -92 3 62 -36 -36 
98 -100 -65 -49 88 87 31 -12 71 74 -20 -51 -40 -22 -75 94 69 -64 55 -53 47 33 13 -41 29 93 -36 25 85 -21 24 29 -25 -88 -1 -91 44 -75 -74 -30 78 -68 13 19 -38 -97 -13 78 -10 25 -17 42 4 9 92 32 87 28 9 -42 -85 19 -57 66 -75 -14 -27 78 -97 33 -68 -50 17 -69 -56 41 58 25 86 -58 14 -100 58 58 -63 48 72 -72 -65 55 -46 -40 -48 -81 -28 -90 -17 -75 -10 -3 
-96 99 -44 -97 -21 -72 7 -97 5 33 89 -91 51 35 -28 82 -41 -49 -65 -37 94 10 -84 -19 -7 92 -43 -56 -2 65 -73 2 95 80 -96 100 -2 -69 68 4 -32 41 37 50 1 -57 -76 58 81 -91 45 -44 -81 -19 93 -62 72 100 -88 95 -92 -96 -96 28 57 -63 68 -65 -99 -17 86 -70 36 9 32 -80 -14 -21 63 -93 63 42 -54 5 -35 41 -23 -33 -39 83 0 -22 -95 -72 -70 -32 33 -9 31 -7 
-16 76 19 -19 3 -13 30 47 -10 -44 -99 -66 48 26 88 43 -3 7 -73 69 -36 -90 -23 -48 -48 16 -100 69 -62 -52 81 -92 5 -60 58 -64 -54 35 81 49 74 94 -16 -88 -92 -44 11 25 -94 96 -20 36 35 -99 -9 16 -6 71 92 41 94 -25 66 -87 -4 53 -59 94 37 55 65 -36 -57 16 14 4 93 76 37 -64 6 -79 92 21 69 -37 31 6 85 -6 43 -28 -4 -94 -71 -84 54 79 49 99 
98 -78 -71 -74 -50 -43 -4 69 31 64 -92 87 -99 -35 -1 -97 43 26 10 -33 82 26 -66 -68 80 -27 59 -97 52 -21 -19 41 40 -3 22 -41 18 12 -46 -86 -57 22 12 36 -85 -42 -70 27 93 67 88 50 40 10 53 -97 28 -87 1 -89 -55 96 -27 52 -16 30 -48 -88 -47 -34 -96 61 -82 -64 49 -55 19 -81 -71 -72 23 47 8 55 -50 -89 88 -91 69 36 1 -40 -32 45 97 -55 78 -87 -1 47 
71 -74 76 68 70 1 41 -76 81 -99 -39 89 60 -38 41 -4 77 -66 84 67 95 -54 66 16 8 77 10 -86 22 -75 -46 -67 9 71 -81 -55 17 -95 92 97 -38 16 41 -65 -71 -87 63 -25 -46 -73 33 28 81 69 -4 54 -25 86 -45 77 -49 62 79 46 90 -30 -44 -60 41 -31 31 13 -34 45 -49 -89 18 62 64 8 46 89 -80 8 -35 21 -27 -73 65 -53 77 -15 59 -31 -4 -85 34 97 -6 7 
67 62 -97 9 -45 -93 22 -14 -77 15 -76 -48 9 25 53 -32 94 16 -17 89 -12 -25 -61 -61 -15 -74 70 23 70 99 33 46 90 -89 85 10 100 91 31 80 45 59 81 6 93 -26 -36 5 -20 72 -37 -98 -17 -98 94 -26 -54 61 55 81 0 -59 -66 23 22 73 -9 -58 83 84 45 -85 -16 -31 -67 -18 -99 -70 -28 37 63 -16 -47 30 43 -87 90 70 67 -92 98 -66 28 86 14 39 -53 -51 21 -52 
75 -4 -5 57 -42 -78 -63 -81 70 -91 -86 -57 31 71 4 45 -55 -5 -84 88 2 99 23 47 -22 65 30 100 23 95 -73 -15 -83 -18 -22 -42 -6 -86 -30 -75 85 -45 89 77 -95 87 -15 -27 66 19 57 20 -26 -3 82 27 -100 -80 67 -83 -72 31 29 71 51 -25 60 -30 -78 -9 -90 12 -86 56 -65 -61 73 19 -100 -3 -65 59 36 87 -75 8 -41 52 -63 -49 82 -35 -14 49 0 -89 72 -93 41 11 
-41 -84 7 21 29 92 30 100 -85 -91 88 58 17 -3 -92 18 -26 44 55 19 55 13 98 -56 -8 -48 -41 -78 31 -98 -58 66 -84 -45 84 -94 78 -15 -24 41 -83 59 -98 -62 27 -15 75 97 17 66 -58 -96 -32 10 -93 -79 -18 59 80 74 -78 -21 -4 90 3 93 -54 2 92 -69 9 -85 -38 36 81 -36 3 38 65 2 -57 66 11 -85 -64 -23 86 9 -81 48 94 -91 73 -2 16 -64 -6 -83 -11 -13 
29 -100 84 89 4 -12 -24 -32 71 -70 -61 -96 69 -95 -70 -94 -82 2 15 -34 -100 87 89 85 -28 -72 -7 -18 -30 -8 -48 -46 -69 -27 -38 -92 -57 56 70 -97 -38 -86 -87 78 -76 -30 -45 -79 29 -21 -43 -50 77 39 -30 -53 -31 33 1 -47 -54 85 83 82 82 -25 -13 94 42 -100 -19 12 18 84 -44 71 -42 88 60 -78 -19 59 -70 -4 34 -1 -17 -92 -10 44 -88 49 93 87 -44 -81 49 -92 -94 -62 
-14 26 91 43 81 -85 49 75 -34 3 88 25 80 92 74 -78 -52 -58 84 82 17 76 12 -95 -24 70 -59 -90 -91 -47 25 29 -4 57 -27 42 -52 -48 85 -56 -80 39 -90 -46 55 72 -13 13 -74 49 85 44 -82 -54 9 -90 91 21 74 -75 -30 80 2 -2 11 -48 -28 -37 -54 13 -21 19 -23 24 79 39 52 -82 -60 -66 -93 73 -84 35 82 16 97 -17 76 -40 12 45 4 81 -68 34 25 97 18 62 
78 -19 20 47 69 -11 -42 92 -36 -100 -61 48 92 57 -18 -46 -7 75 -82 -86 26 47 99 76 -61 93 90 90 53 -21 35 -51 9 -85 -42 -95 -61 -54 90 -25 -85 -61 -30 55 81 85 -96 55 16 24 50 -15 -47 -69 -33 -27 -57 -34 33 -81 41 -66 53 -3 -49 24 28 -52 -51 86 84 -17 -16 -24 44 25 -21 40 24 47 -65 -13 90 21 51 68 56 54 83 -100 -94 82 -5 74 39 7 57 57 79 29 
81 71 -17 -54 65 -62 -18 86 82 -37 66 -32 83 71 -32 36 -72 1 -46 95 -52 -36 -48 -79 24 76 -56 -28 -46 84 -46 -98 63 58 80 49 11 92 33 10 -58 -12 -4 62 50 -46 12 51 93 -43 -24 -80 -64 64 64 -34 -52 -82 -4 78 -96 24 -62 47 -16 -83 43 74 78 60 -39 -61 -2 95 -17 -23 95 -54 -45 -9 35 54 -47 -39 -93 71 -91 -80 19 38 70 41 74 71 -94 -38 -32 70 67 57 
56 -69 8 18 14 -90 -94 54 -91 -77 -28 -80 -73 21 80 -17 37 64 -48 -97 -92 8 31 65 -35 -79 100 27 -76 3 -28 88 -92 38 -2 47 94 -88 36 75 -64 -77 -90 40 20 98 23 82 -92 34 -96 -15 44 -45 90 -50 67 -92 -73 6 -39 71 74 -87 -15 97 93 10 81 17 85 83 -91 92 -29 96 79 64 93 6 60 16 -86 -31 -72 -8 13 73 -98 20 60 -97 -2 23 26 67 -37 -35 -70 -94 
-10 61 56 91 15 -83 66 -22 -69 -40 -53 -74 10 -95 8 38 22 -85 84 -32 -99 -100 26 -42 7 -64 42 -70 -22 -43 70 56 84 -57 14 82 -9 -19 -8 -90 44 13 -28 -59 -16 18 15 40 -17 75 3 74 86 -75 -85 -58 -52 -18 -60 46 -100 -99 -28 -65 92 97 23 -12 -61 8 74 71 -33 12 -28 79 99 -94 -38 -26 22 -41 89 73 98 67 75 63 92 68 -69 -54 -73 -59 -67 33 83 -19 49 -70 
-36 53 -66 -5 30 -4 -4 -83 51 -77 94 18 -39 -70 42 -11 -33 40 41 -56 -3 -33 -44 67 78 -74 -92 66 -80 6 41 -79 84 -43 53 -72 -19 51 83 -69 -39 16 -34 -88 -92 -39 -56 66 -22 -55 -13 -88 -19 -10 58 -99 68 82 85 -12 29 -54 5 -55 -17 18 -61 20 47 78 -91 98 -95 -86 41 99 -53 -78 -6 -87 -54 -82 -65 77 -17 -22 -75 56 1 -70 25 -63 41 10 12 -67 -59 -41 98 -56 
11 90 34 64 10 6 36 7 71 27 49 77 95 -61 59 -2 47 24 -3 -90 48 64 -71 10 51 36 -58 -32 -61 22 90 89 6 78 -31 -76 -73 22 87 -22 17 57 -82 -96 81 32 58 -77 -37 -78 82 -34 59 -93 92 13 -27 -31 -69 -8 -97 89 6 -89 53 -15 16 -14 -35 -43 79 -29 65 -51 0 -61 -75 92 -18 -92 55 -61 -82 98 41 -27 40 65 37 27 -12 6 51 50 -96 -86 -71 -17 38 19 
-81 -21 23 23 55 45 86 12 39 -26 34 8 41 27 99 -54 28 -72 -49 -26 -96 -30 -100 -23 53 -34 73 -16 86 -80 15 10 89 14 69 -1 -84 38 92 20 49 -85 -73 25 38 -13 -40 55 18 -43 -25 -62 -98 -14 -34 -86 94 4 -72 -89 -38 -84 73 -29 -8 56 -92 -99 32 -64 -60 -33 -83 49 60 -27 -10 -95 -84 51 -46 -40 -1 -20 33 -3 78 -29 100 65 -46 44 50 -43 -60 94 -25 -61 50 -80 
99 44 -23 57 -42 36 -95 49 -83 56 20 100 1 -82 -37 92 17 79 -63 -54 -100 -99 -26 -51 7 -80 49 -63 -18 -6 -17 -84 58 -45 -32 -71 -47 -58 -58 6 22 -18 -79 -52 -11 -89 -19 -21 -8 76 -26 -3 -34 -74 -57 -52 23 -59 12 10 49 -33 7 -74 52 -6 -43 65 -75 7 99 -95 23 -29 55 94 -25 93 12 79 3 -54 -63 -46 -17 -52 -89 73 -49 -56 52 34 27 -6 -75 32 85 77 69 -42 
92 -42 36 -96 13 -66 70 65 83 14 6 92 84 3 16 -85 -5 -56 -93 -60 -91 49 47 -30 47 -78 78 86 -51 -35 11 2 95 89 87 -30 -87 -70 -54 -34 -99 -81 -99 -14 87 -59 -96 47 25 -42 -24 95 -24 74 52 -24 37 34 -66 -67 49 -6 -73 21 -54 78 76 -76 -73 55 39 -91 -84 69 100 75 -32 59 -20 -96 -62 -12 -94 -43 80 12 92 -28 65 37 -86 -96 49 96 -84 96 51 -85 -24 -37 
-22 27 34 -5 93 -22 68 49 42 53 -34 -63 54 63 47 -35 -65 -3 75 -10 64 -81 5 -80 15 25 92 99 -1 -46 -92 -27 66 -98 27 -17 80 -75 -38 -90 -27 -33 -40 68 -28 42 36 -53 39 -33 26 -67 25 -19 -79 76 41 84 55 -88 -64 52 -75 17 -32 9 -8 -30 -30 3 43 53 -51 -49 -46 -7 13 -79 31 -4 -55 -45 83 -98 80 -10 -26 -66 -36 -46 22 44 -55 87 60 95 -45 -7 23 -78 
31 50 73 85 89 -48 -58 -56 -93 26 11 90 -89 -48 83 -61 -4 -76 0 -83 95 -92 73 83 -82 -15 56 74 46 13 -54 -54 44 10 -77 -77 84 -2 -61 68 93 81 59 -42 -89 -33 37 -53 -58 63 -44 -34 -90 36 1 29 84 -1 81 33 72 -77 100 -29 51 1 17 84 -26 -74 13 -68 20 23 11 99 -63 86 28 -1 15 -47 29 -3 85 -98 -9 65 17 19 -21 -39 -62 5 73 81 44 27 -58 -8 
83 76 -30 -24 -18 62 -88 -14 61 50 -36 -23 36 -39 27 71 -31 91 34 -10 -75 -72 -28 -13 55 58 -84 66 2 -68 90 -61 86 56 -73 -3 -64 -89 28 -40 -66 -99 -46 -90 -75 -8 66 26 62 22 -98 -36 -41 -1 80 -14 83 -75 37 -67 -81 -25 46 57 61 30 94 94 -89 84 -83 8 0 -47 69 73 -37 -26 -82 98 40 72 58 27 -68 39 -8 62 -87 42 -92 -73 27 12 87 -81 67 46 -45 36 
-63 80 97 -96 36 77 4 -55 21 -91 -59 76 99 -59 -54 -34 -71 98 -88 27 91 55 -40 -78 5 23 -21 -83 -98 42 -74 -20 67 15 -32 -37 -7 37 -93 -41 0 4 85 19 16 -31 -66 -6 -8 3 -36 -19 98 81 -44 2 40 43 -15 95 -68 -11 -25 54 -82 -100 -13 46 -5 -90 52 18 83 -40 -59 -96 -96 -14 24 -9 -43 -6 72 -39 -95 0 11 94 5 -48 -76 -62 -89 61 54 -44 -56 46 71 -25 
39 -45 -87 99 -5 77 91 -83 47 21 48 -28 38 -8 18 45 -47 68 -7 -26 73 8 85 41 72 -25 51 -86 38 6 -73 29 76 -54 46 -51 26 -68 96 73 68 20 56 -97 43 90 78 7 76 87 54 59 -70 30 -37 99 8 -45 85 -66 -50 91 20 94 8 66 -17 68 68 -47 -1 -12 17 -26 96 -4 79 -51 -6 60 94 70 -77 29 53 82 78 47 3 -65 33 -57 23 -12 86 -94 -46 29 25 -12 
-88 -16 -65 -14 -96 89 -47 -14 -37 10 73 65 -23 22 -46 -40 -65 -100 -71 -87 -56 3 -2 11 -97 33 56 92 -76 -74 -64 -99 -79 -88 44 -4 100 75 18 90 19 10 -90 95 -68 -87 -65 -44 -86 91 26 -85 55 -18 34 -5 92 13 -53 8 79 94 15 69 82 55 -91 -28 38 -78 13 35 -16 -38 36 -57 -43 -19 -91 65 19 20 1 1 98 -52 -67 43 50 95 34 48 88 -29 -44 -71 2 -77 -37 77 
-78 7 10 -81 89 12 3 96 -26 39 32 47 54 11 91 -39 32 -14 -19 89 -66 48 -30 -31 -9 -12 54 -77 15 19 -42 58 22 53 91 75 -56 -68 -40 -9 30 -23 -95 17 -28 65 -12 27 -8 -58 -19 -65 45 42 5 38 -6 -83 72 -48 84 -73 -24 33 62 95 -8 -13 31 39 29 64 92 -75 58 -68 53 9 -23 10 98 28 22 4 -39 -29 -95 -99 -79 50 -74 -47 -94 -92 -69 -91 44 -59 32 -22 
82 -42 -14 53 24 66 19 50 94 -100 -57 -6 48 -91 76 -7 84 69 -20 16 59 -57 76 -84 -70 -74 -20 -35 -60 6 21 73 22 -69 85 38 -85 -18 -14 59 -86 -61 0 -63 1 3 -43 -79 -18 -17 23 15 -39 -63 -7 67 37 -21 -41 -63 -95 -90 -13 -45 49 -8 -76 43 -54 24 -10 -50 19 -23 42 -5 -88 -21 59 34 -35 53 91 43 43 -73 -72 -78 100 -32 55 11 -35 -44 65 -92 -53 -71 -43 20 
52 -19 62 -62 -79 -12 -31 61 57 -51 83 -23 -94 74 94 -65 67 56 98 -64 17 48 32 13 -53 -20 71 45 -80 -2 26 44 61 -86 7 37 -21 -75 -96 61 61 -55 16 -23 33 -30 5 85 -75 28 -2 -29 40 59 17 3 36 39 -17 27 64 36 -49 -81 -38 -7 -25 15 57 -14 -45 88 -56 -54 0 23 98 37 37 71 87 96 -7 -53 77 -74 7 44 -61 -87 -12 -96 -71 94 -5 -99 -74 -83 67 -1 
6 -100 -72 -73 48 83 46 89 45 -33 31 -25 -30 -37 76 -82 -12 66 -94 30 -2 68 -54 -81 -7 18 -19 40 62 87 -94 -33 48 -5 -99 -95 11 -53 98 95 34 7 81 -71 82 44 -85 1 63 67 27 63 96 36 80 -82 70 -54 -56 -56 -1 86 43 -95 47 -66 94 -81 -29 88 30 -19 -91 -90 -75 -4 -65 46 35 21 -13 52 -44 -76 -48 5 -84 98 -62 18 94 76 50 -47 -77 77 -44 59 43 -5 
