-1 -92 -24 -87 38 69 -78 -59 -51 -66 3 -48 -15 -60 71 -16 -60 29 37 36 56 21 0 -35 -55 98 -29 66 75 -22 -48 40 -45 -38 13 93 3 -33 12 -5 92 -98 88 -72 2 59 -34 -89 -57 13 45 -51 96 15 77 -5 -17 -36 26 -19 39 58 47 34 46 -2 -17 92 38 31 21 14 -43 -84 -72 47 50 -87 -50 -18 24 -47 -96 -31 -70 24 -26 73 18 -92 -25 -31 -46 13 -15 -12 -11 52 20 -81 
-76 -39 -52 8 -73 -90 70 -53 -56 6 92 -60 -52 40 -71 -82 -66 88 33 71 -16 -25 -13 90 -3 -43 5 28 99 -65 -37 -9 92 -26 -19 -99 -32 -86 -4 28 -81 -40 96 -99 -52 68 45 -12 -15 -84 2 -17 -62 36 45 -80 71 88 11 27 -74 -64 26 61 42 -19 -97 -92 47 -11 18 38 -43 5 95 -20 -90 37 -75 -55 58 -62 -20 5 100 -10 -79 -15 25 -87 21 -36 -86 -43 -81 -37 -47 85 -61 9 
91 43 -77 93 -66 27 1 -36 -21 -16 19 -97 -90 -100 93 -96 -25 -77 64 6 33 91 27 -27 -81 32 -100 3 -70 -21 12 -55 -12 -5 85 -63 92 76 67 18 36 63 -55 12 6 13 90 77 36 18 64 54 -43 -54 -58 36 89 39 50 -17 -70 -27 41 -42 -42 5 -73 31 -98 70 11 48 -51 -82 35 75 -88 30 -87 -80 -93 -56 -26 14 57 -97 -72 62 -44 71 34 -85 -58 27 65 -38 -97 47 -73 -61 
-96 85 -35 4 -58 -58 -70 -10 5 -48 4 80 29 0 -5 28 -13 21 88 -54 -29 -18 42 -59 17 4 -80 -35 -73 -23 -83 -90 44 -49 62 -88 -20 61 57 0 45 -87 28 16 67 -78 -92 -100 -48 0 -25 -48 -84 67 5 24 44 22 -92 -62 84 -21 -33 93 86 2 86 66 -78 -71 70 -44 -50 -94 24 -64 -72 14 -81 -37 -12 -62 17 68 91 -19 -7 31 92 -92 98 -8 19 96 61 -46 -56 84 7 -55 
59 -87 83 -56 -49 84 41 -95 38 0 -67 -13 -13 -19 12 -12 87 -38 -55 41 -33 62 31 -71 -59 34 -48 17 68 -56 -35 -77 -63 -69 -90 23 26 30 8 24 -7 -40 56 -72 -98 -78 90 -88 -53 39 -34 60 78 46 9 22 -51 -20 -4 -7 -4 -2 67 29 -11 -92 -38 29 -47 53 -24 -14 70 4 -34 58 -34 45 55 57 20 -97 -47 -88 37 29 58 14 -7 -43 62 50 14 23 98 43 -11 8 -53 3 
10 -26 -59 -79 -65 86 47 -75 -74 97 -90 82 -48 -38 -43 78 -30 -90 32 -53 -87 68 -89 90 -91 -75 29 -9 -35 10 -3 66 37 -10 96 -30 -93 -44 97 27 -88 -2 -78 -41 3 -46 -17 8 -58 43 66 -28 -10 50 -97 18 50 -66 -55 -53 -79 93 -6 -91 41 -72 67 31 100 77 33 -81 70 -86 24 -40 -35 -100 36 -38 -93 -82 95 71 50 86 94 40 -55 -45 33 30 -95 48 -61 21 63 16 -66 -16 
-35 -21 4 96 47 -87 -89 -11 0 -82 57 15 67 -26 -18 40 38 68 66 41 -45 -56 -91 25 -21 56 -100 -38 -21 -3 -15 69 73 -74 32 -60 1 34 -2 -32 31 36 -9 13 56 -83 -52 -53 82 65 90 100 23 21 3 -63 83 -12 69 -3 -99 -53 -29 -37 -14 43 -65 -12 31 20 -99 52 77 29 50 99 45 -15 2 -45 76 85 51 89 -89 47 -2 -42 27 -89 83 48 -51 -22 1 -71 21 -43 -46 -8 
86 -83 19 31 20 -49 -45 -32 48 1 26 10 64 71 -89 5 -42 -80 13 86 63 -1 -99 43 -35 -59 21 5 52 -5 -63 71 -22 26 19 100 -35 2 4 -10 -13 -41 -59 28 53 83 -70 0 -59 -80 -76 78 94 32 13 97 -29 -22 -77 -22 -21 -3 -92 48 20 29 13 -25 -80 -55 41 -84 -36 -43 7 27 71 82 -42 -23 20 13 41 16 18 -32 -21 3 -42 37 30 -32 -78 92 -46 0 79 11 23 -16 
-85 -23 31 -26 -94 28 -75 -14 -19 -70 -53 60 -15 70 63 -70 14 94 37 81 -72 -15 10 -25 -19 42 79 -23 -28 -98 -13 88 67 46 -76 -57 30 98 -78 82 -53 81 84 68 -88 -87 91 -100 -85 56 -97 69 -8 37 -16 20 -61 -75 -84 -89 69 91 32 -40 -32 -76 44 -50 41 -65 13 -48 -41 72 35 -20 0 -3 -91 -18 -42 54 -88 -89 96 57 -46 39 26 -47 -32 -97 78 28 75 50 -90 -41 83 83 
-65 -90 2 -26 76 -99 43 -94 -58 -56 -92 -53 -5 88 32 23 -18 42 -100 0 68 -46 -8 77 41 80 98 26 -12 -84 -4 -83 -53 -3 83 79 27 -99 -50 97 -6 -40 -64 60 3 -65 44 70 9 68 0 63 -87 19 -66 -100 -81 98 -54 31 56 7 35 -95 23 91 -89 -44 -88 -6 67 -31 95 8 92 77 5 78 41 -1 59 85 -21 -69 89 43 -30 9 -87 24 -7 32 -70 22 -28 -90 -67 56 -100 -47 
47 -49 89 59 43 78 80 -91 86 3 -47 -98 -48 -10 -4 94 -87 -16 60 93 -42 -89 -99 -12 36 72 -66 20 -46 30 -7 -36 19 -83 38 -11 -39 41 76 -71 39 23 -15 50 94 35 -20 5 33 28 37 -21 -15 -78 -47 -28 1 26 -19 65 -82 86 -14 81 49 87 -34 40 -71 -91 51 -56 41 88 -63 89 -17 92 68 -2 -10 34 -72 -2 -7 37 -2 69 -73 56 58 94 84 54 -11 -90 21 -1 6 -5 
-12 10 58 22 -7 42 -54 -96 -76 -98 -26 58 -73 -86 -92 71 13 -17 94 79 6 -55 -18 -87 -97 -58 99 -82 29 63 66 -77 -5 65 -68 -99 -44 -100 92 -77 -7 -23 44 2 44 -60 -33 43 69 -59 96 39 -30 -95 100 -42 8 -48 -78 -95 -43 60 -82 69 34 97 82 14 77 -95 12 -94 -32 -19 -34 99 48 -38 35 55 94 -97 25 4 -92 -36 -57 -4 9 -22 37 -23 -61 8 -80 50 57 -13 22 32 
-94 -9 33 -71 40 85 -46 54 -76 1 97 -4 32 28 5 96 -29 -32 -74 51 -34 -59 56 -76 -14 70 -67 -39 1 85 87 74 44 -12 19 -28 18 26 86 91 76 86 -28 92 19 -83 33 78 66 33 -59 -51 -37 -2 25 -63 10 2 -91 63 -95 -10 -40 -45 62 100 8 99 -29 -84 92 32 47 9 -6 -53 64 -60 93 -1 11 78 6 74 -68 -5 68 -74 8 -38 -42 15 -5 28 59 -52 26 -54 -46 -82 
27 -70 49 12 83 41 -25 36 -94 27 -79 15 55 -24 -91 8 58 -69 -37 -53 -87 -58 -31 -52 10 77 -93 -50 10 -40 -94 54 -88 -34 87 12 -63 87 99 28 -11 23 -15 65 65 -50 81 -39 -81 -70 -97 -63 -92 17 -85 78 -47 -94 59 84 -27 41 -95 92 -32 -5 41 -65 76 25 -43 -95 14 10 -7 -16 90 -3 36 -33 -14 68 -23 -32 17 -83 59 -29 -4 87 -94 60 7 12 21 -83 90 5 -98 -82 
-24 32 -85 79 15 64 88 -18 -73 -49 -14 -11 7 -88 -31 95 45 36 -56 -90 67 71 -93 -99 -76 46 28 -15 12 40 56 -31 72 -77 10 -16 -10 -88 47 -12 -52 31 -58 -19 61 83 -67 16 5 78 -62 69 58 -92 13 58 49 73 33 -66 -96 50 -96 24 -95 36 -57 -52 90 36 62 -45 -95 -75 99 35 61 41 69 30 -90 -96 63 -30 -58 -63 42 -44 95 86 68 39 -55 -5 -63 42 18 84 54 50 
11 75 -97 57 -5 14 -28 -72 50 8 1 14 -84 58 -91 -11 70 -16 97 -65 -91 73 62 47 47 -96 -14 89 68 -96 -20 76 62 31 -51 -21 11 92 -1 -18 -68 -62 65 -94 5 -83 36 89 -40 37 -6 19 -48 -58 -64 26 -3 -27 89 55 9 -79 51 -11 94 40 61 -11 -71 -47 -95 15 -25 -36 -45 67 -79 -95 -33 9 -96 12 -84 27 -64 14 54 -51 -44 37 91 1 26 84 -61 -46 -27 35 -16 81 
93 6 -98 100 62 7 -32 -11 44 15 36 -31 -96 19 -31 -12 1 5 -15 -45 -49 30 -43 -14 18 -10 -17 -66 42 -27 -35 -5 -29 91 13 19 61 -29 18 87 4 35 4 92 25 90 -2 -76 -13 38 -30 -85 78 91 -65 -3 37 23 -33 55 -44 -1 -31 -88 -48 48 40 -100 85 8 -21 -14 56 -31 -16 14 59 72 -16 89 -93 69 8 -83 53 22 32 39 14 80 -77 -30 93 84 -50 -65 -75 40 21 -100 
36 49 55 -67 -32 -44 -54 1 83 -37 88 -22 25 -56 27 -77 -61 0 73 53 3 -83 -98 -92 100 69 -20 -56 -55 66 10 34 -80 -29 76 4 -91 33 61 81 -45 19 34 98 -37 72 -80 21 -51 -48 -41 58 -68 70 -31 32 -17 -84 26 62 45 92 83 -82 97 -74 -3 -61 -36 -73 -36 -100 -41 -27 -65 -73 -63 87 52 47 72 -87 -21 83 65 -50 60 94 -43 -90 69 -15 50 64 -78 -30 9 86 -72 -48 
-50 -63 87 23 -99 50 64 -44 -99 51 17 -81 70 -79 5 51 84 -89 88 -35 82 33 88 98 40 -79 3 16 23 -95 52 18 5 -63 -10 35 55 -84 -7 91 -91 9 42 28 9 -91 -77 -75 49 -97 -17 -66 -49 -68 61 -97 88 33 -23 49 75 -30 11 8 79 -87 56 49 32 -4 19 77 88 75 -40 -23 58 69 21 -18 53 -32 57 33 53 10 16 60 -84 -52 -12 -46 -3 66 4 -53 -6 34 38 -84 
62 15 -59 81 100 -71 -70 46 -75 17 78 65 -30 42 17 -50 -44 -29 9 -57 38 4 17 -34 85 -98 -99 -19 -74 9 7 -36 -70 45 24 89 43 -47 -82 -79 60 -100 54 -16 72 -42 48 21 -75 -52 -26 -41 -74 -73 12 -69 -58 28 14 -14 -8 96 4 -32 29 26 93 -45 38 26 55 55 -56 -57 -17 60 -9 50 18 -71 74 -91 96 89 -45 -29 100 56 46 21 9 -78 -85 99 -5 -49 18 85 100 52 
-73 -33 -26 42 -26 1 -16 -88 -59 -18 69 17 9 53 87 51 -57 68 -92 38 46 70 -61 -64 91 29 12 30 -72 63 -44 -58 42 -56 18 97 -83 3 22 -30 0 35 66 11 -31 -48 51 61 67 -62 -33 35 -73 70 -23 85 -13 66 34 12 -63 84 -98 91 -59 86 45 -61 -57 3 -95 25 -100 -72 27 76 15 -48 70 57 40 0 -54 18 82 -87 82 -24 21 -32 -26 -40 87 -14 -89 -35 -63 31 90 82 
-43 3 46 84 -10 -11 21 99 -11 -6 -31 -2 81 88 75 42 -84 81 -16 -70 -14 -20 -95 25 27 -73 12 45 3 -5 -47 59 4 71 0 23 63 77 79 38 84 -29 -77 86 37 75 69 78 -14 -61 -9 59 78 75 -20 71 -87 -23 13 -47 5 19 -55 -53 -26 -17 0 -21 73 -62 31 -17 60 -56 -81 94 46 33 61 -93 87 29 91 -59 -69 -2 13 -61 -59 38 13 53 51 -47 87 -6 -40 99 -82 55 
15 -37 41 -61 30 -2 42 -69 43 -10 3 -37 4 -58 -85 -75 -58 -19 -75 -29 -5 49 2 84 10 1 -91 -83 -97 -45 -28 0 -8 -51 43 -67 33 -37 -29 -33 -73 -92 -90 -19 -35 94 45 -29 -13 -34 -46 -71 67 82 -38 68 58 32 89 46 100 -12 -18 -99 50 -21 -57 -66 -76 -20 99 -33 -67 -23 -72 95 -4 55 -88 27 -23 -30 86 -6 4 46 94 -59 32 -86 -81 62 -73 -1 31 83 87 -45 83 -13 
-75 -62 -22 -37 2 -35 95 24 74 2 -38 22 14 26 32 -67 66 33 -36 -19 -27 -40 60 55 -22 -22 32 -68 69 -15 -91 34 -56 28 -8 27 -85 -24 -77 -36 39 33 41 -100 -39 -41 -57 -86 -67 -77 -52 10 -6 40 -57 87 24 98 -55 -26 57 29 -90 81 99 6 -8 -77 -96 -62 76 87 26 83 1 -45 11 85 40 25 -40 33 52 -98 -60 61 -74 -99 -11 46 28 -47 90 58 26 22 -84 85 80 49 
77 39 -38 97 10 -3 -35 48 -50 15 -84 71 -67 5 25 30 5 98 -46 -97 71 -36 91 -12 91 34 -34 -53 -100 -39 95 -85 34 -71 96 25 97 -84 58 -47 71 3 -80 -55 -18 -22 76 0 19 79 -30 -25 -89 56 -30 -40 81 64 -85 -52 66 46 -29 27 -1 0 30 -41 -3 -63 80 -32 -71 1 61 34 -77 0 22 -45 93 -16 27 -33 -54 70 67 93 -96 -69 -15 27 60 48 -45 -18 8 -81 92 18 
-77 80 44 17 88 23 44 -21 -24 98 -12 11 76 -27 -65 54 92 45 -95 24 84 58 3 34 20 98 66 34 -72 -4 87 -98 14 100 -83 85 80 -63 28 96 -10 84 -70 -38 24 34 8 12 85 23 -97 -98 12 -14 62 85 -54 -33 -59 15 -9 -1 56 -23 21 60 21 -34 -100 -40 69 9 87 -88 44 -34 63 21 -31 31 -56 -63 -14 66 39 -37 59 21 86 -94 -58 -82 -82 30 -66 100 -16 -44 22 67 
42 67 85 -22 -12 83 -48 49 57 -73 -98 -74 33 62 80 4 -25 26 45 -17 73 73 -61 -26 40 28 -51 11 21 -12 43 -25 -92 -49 -49 -96 67 95 -66 -28 75 79 73 -37 -26 -85 62 23 -20 26 -59 -18 93 -10 74 14 -38 71 44 32 -44 16 -94 -88 83 42 9 -29 88 -7 26 73 -27 -72 -63 59 -72 -51 33 87 30 85 -61 -93 -12 61 33 -89 -13 -84 -92 64 -70 76 13 -97 80 59 -96 -54 
39 -86 47 -51 68 97 -51 -25 -65 -19 93 91 9 12 -4 -79 -96 -92 -48 -78 72 -8 16 -65 -22 31 37 89 27 -79 5 49 90 -45 95 -65 -45 28 93 18 24 69 39 -91 -86 -29 70 -66 -56 36 100 44 -34 36 6 -62 99 54 72 49 -39 80 41 3 41 70 -15 -91 -64 88 68 -45 -99 -32 14 100 -40 -8 10 84 -30 -43 -30 71 -69 82 -30 4 2 47 57 -63 -20 72 41 78 29 24 54 -77 
-79 -100 54 23 -21 -40 -92 55 3 11 79 -20 -36 91 -16 49 -25 -31 85 51 -99 67 87 89 30 -71 -77 72 -34 98 49 -44 -91 -22 -12 -81 53 -2 -25 97 -50 89 55 -73 55 41 50 -83 49 -68 83 -61 13 -12 2 -27 4 -24 -14 25 -80 -64 -27 69 47 -45 -55 -77 17 74 -53 30 2 -21 -43 -76 -2 -33 75 -80 28 -84 44 44 67 28 -42 81 24 83 -2 -97 -81 36 21 -65 84 80 -82 -97 
-78 18 -95 38 62 56 -52 -100 -25 -65 -21 -84 -29 91 -100 -12 -41 8 95 -29 -81 -8 -98 55 -45 -27 -36 -40 -15 -87 -10 -70 -51 58 67 -27 -48 97 74 4 -47 -86 -87 78 14 42 64 66 36 -29 6 7 -82 -66 -53 -7 -96 -55 -35 -40 -95 -61 72 82 -26 89 -70 -48 24 -28 -75 20 99 -40 -41 -99 54 78 10 93 78 26 93 69 -14 4 87 8 -40 -22 -97 -83 -30 94 47 -74 0 -58 13 98 
24 100 97 83 -32 66 11 67 -36 5 6 -95 -96 -96 -73 -49 86 -7 -16 18 66 97 0 -5 66 -32 -38 19 65 4 77 -36 -30 17 91 -9 -84 -52 -8 72 -90 -99 -20 88 19 92 -25 90 -27 -57 -57 -3 -94 -17 -33 63 0 -88 -21 89 -72 -45 -37 -14 74 99 4 60 -12 2 60 19 33 -96 96 87 72 54 -55 32 -34 -98 -93 -14 -68 -16 14 -92 9 -10 30 -56 -14 42 -15 -84 -12 -49 -6 58 
-9 91 -24 62 -62 64 95 -44 -92 -8 59 -40 -60 -69 -60 -6 -23 -48 97 -36 -8 -30 79 5 -69 -21 55 12 8 -22 -7 88 34 -84 -55 -16 -96 85 -81 32 43 -62 82 -17 -43 4 92 93 -87 10 54 -53 75 -23 94 -70 32 -95 77 66 -66 70 -16 -52 -92 67 11 26 -99 2 38 -91 -1 -63 24 3 -22 -45 99 -42 51 85 -94 -5 17 30 36 78 -30 -58 75 -4 11 37 -9 89 5 70 75 -2 
81 -95 97 31 -16 27 -24 -66 -98 58 -1 -24 59 90 -100 78 3 -75 26 96 -26 67 47 15 -53 89 -49 -17 -36 86 7 51 -57 72 21 59 72 -32 35 53 4 -78 17 -88 -1 11 39 64 70 40 18 41 -22 -66 100 73 -61 -29 28 -81 3 35 -15 -84 -45 63 36 -50 -59 -57 -86 42 10 59 -46 -46 28 51 54 -4 -3 -61 -51 -25 -43 50 -59 -80 -83 -25 62 -73 -27 79 11 94 43 -90 -11 -93 
90 -43 -28 88 66 -4 94 81 91 -72 4 -7 -23 45 -92 -55 -3 83 79 53 47 84 -39 83 7 -83 76 -12 -24 -23 -82 36 -14 24 73 11 10 88 -6 91 -47 49 10 45 77 1 34 92 39 79 -94 53 -72 -96 -77 9 -57 -21 -13 19 3 31 88 -51 -64 -34 -68 22 5 38 11 59 -43 -8 63 61 -42 -13 29 75 -96 43 88 -23 -18 95 -50 0 11 -31 63 -62 -54 -9 -90 -37 -71 51 79 -77 
-82 -84 24 82 -68 -93 73 -8 61 -10 69 18 -57 47 -13 87 53 -53 -4 -94 -4 94 -32 88 -100 -92 -62 -34 85 -2 67 32 -75 18 28 -81 -63 19 96 4 -31 22 52 35 58 -27 -13 -22 41 -97 62 1 -60 -76 -40 -3 -38 5 96 1 16 79 -23 62 70 34 -49 94 67 46 38 96 -67 -64 20 25 92 -50 11 -58 64 -52 -12 55 58 -5 40 51 44 35 57 50 -99 41 -90 -9 -10 -12 40 -99 
-67 95 76 -82 -31 87 -90 -73 -84 -32 -94 -24 72 8 -31 39 93 24 -14 43 -94 -96 -21 93 35 45 72 34 45 14 93 -19 74 -9 94 32 78 67 -65 29 99 44 -30 -83 41 9 -36 -24 59 -55 74 -6 97 -19 -38 -25 -36 85 -59 53 -68 42 -50 78 51 -80 -60 70 -1 73 89 2 91 -32 84 25 -85 -31 -78 46 32 73 -10 64 -87 25 65 58 92 96 60 -80 -35 -35 -15 59 -14 98 22 40 
78 97 36 -88 58 -18 -41 -39 -27 91 35 -81 -41 -55 -29 45 10 -23 66 75 11 73 94 -49 -62 34 62 22 92 -48 -47 3 50 58 64 64 90 45 27 -72 -68 25 -87 86 27 -92 -60 62 9 -72 -28 46 -22 -27 -24 26 -84 -100 -14 -65 60 -74 0 -67 -74 94 68 -74 -34 -20 41 -50 -11 -89 57 -44 96 87 96 89 23 94 -100 83 31 14 -26 -76 28 -10 -36 14 69 -52 94 -99 -74 53 16 -17 
63 90 -70 25 -65 -29 80 -65 39 -73 -88 -17 58 -81 79 4 74 48 -83 44 43 55 12 56 70 -35 91 73 53 -31 47 -53 17 1 -61 -96 -74 -73 -70 -57 -81 -14 -49 80 -65 -67 82 52 -59 -31 -8 22 -42 -36 69 -32 -47 -52 89 68 -6 30 94 -1 58 -51 -26 98 -73 -99 -56 -25 78 73 89 20 72 -96 54 -39 77 -95 17 18 94 -15 -96 77 6 73 -48 63 85 -27 -8 36 85 69 -44 81 
-93 -3 43 -26 69 -67 -89 -48 -5 13 -19 18 -57 -11 92 -61 11 -79 -74 -36 -7 69 -3 -21 -31 -57 -33 -25 -25 98 -74 19 -92 83 0 -45 95 -53 39 -93 41 -35 -43 40 65 -2 47 63 53 -60 -10 12 35 56 43 -25 65 -30 28 9 77 69 -95 -51 19 76 -87 88 21 34 -78 21 0 21 -99 97 52 54 -45 -88 -6 46 -44 -10 -98 9 -73 10 26 10 36 -77 33 56 -30 -78 -64 19 -71 29 
-44 6 -44 68 -78 -53 -85 -44 -75 65 -35 -58 15 88 -79 41 -88 -11 -95 73 -66 -22 89 84 96 -40 56 -94 47 -2 77 -39 -71 -68 10 65 63 38 71 83 -81 -37 68 -93 -61 -31 -4 54 32 -68 -28 -29 -31 95 -82 -80 100 24 16 55 82 37 95 53 66 96 -81 10 -93 -25 -29 47 -28 -19 2 18 27 -53 -45 -77 54 100 -85 61 -96 59 -18 0 11 0 -72 -21 67 -51 -86 3 4 -36 10 -70 
46 6 -34 -15 -98 -97 -43 -24 65 17 -14 -54 67 -23 -18 90 36 -2 -91 -4 -59 -51 64 -58 85 -78 -3 -9 -10 13 -20 -57 100 -14 75 86 31 -41 55 12 -90 58 -94 -76 24 41 74 -29 0 -9 -32 -28 -40 2 46 -100 72 24 70 9 37 10 -86 46 -93 -53 -21 63 77 69 67 71 -38 -73 48 30 58 76 85 -79 -51 -52 -76 22 90 59 5 -31 50 53 37 46 2 -90 -97 64 -24 -74 -29 1 
-47 -1 72 -33 -9 58 -5 89 -53 71 22 55 -87 81 -78 99 -75 86 -24 -29 -81 -22 82 -84 53 61 75 -79 82 30 -54 -19 5 -16 -93 -19 -38 36 94 -66 23 -52 -65 18 -74 -83 -87 -50 -70 -89 -44 65 85 -15 -68 -30 -72 -15 11 -16 2 -71 -44 63 -78 -6 64 -9 -69 -99 51 90 84 5 -68 5 -28 -20 19 -22 78 -69 -1 78 -93 -61 47 -40 -39 -77 -46 99 -56 32 29 -55 -82 96 -88 -90 
97 -69 6 -1 -53 88 -8 -75 0 -62 -99 28 -26 -53 -7 83 -100 7 1 -73 -25 27 -7 -43 -61 -18 8 88 31 -68 27 -8 32 36 17 88 -42 -2 55 54 -29 -1 -1 -51 45 -72 -12 71 -68 37 -94 -40 -85 17 5 -23 80 -56 70 -43 -21 -75 -23 63 -59 81 52 -66 25 36 -72 -35 19 36 27 35 66 100 -15 63 52 -84 -59 75 -48 -83 45 -80 61 60 26 -21 76 -14 20 -93 -27 26 51 97 
6 -74 83 3 -67 -42 -92 86 11 85 -17 -40 -99 -67 55 -89 29 94 90 -88 -29 -4 -51 -100 47 -64 45 -36 32 -57 95 67 56 87 -61 0 -47 -16 -49 -19 -34 68 -30 88 -15 -43 -88 7 45 83 -74 -47 -67 -53 91 -21 -86 -3 9 16 67 38 96 -65 57 50 -80 -18 -69 70 25 -45 30 -60 -31 -4 -64 -50 74 39 45 -80 25 -67 -92 -44 -63 -47 52 23 -41 68 24 36 63 32 44 8 26 9 
-26 -38 22 45 -10 -68 17 36 84 -32 89 100 -71 92 67 4 -7 -28 -54 -14 -45 -45 94 -9 -17 -11 89 -20 50 30 -53 -57 41 54 78 -39 75 -94 22 9 -47 -89 42 -13 -16 -93 31 -28 -32 -66 -65 15 4 -58 47 52 -82 48 -44 -83 24 -58 -81 -84 -90 -26 -46 -81 12 -8 13 94 94 -7 -26 -74 22 -49 -70 82 -64 -29 -95 14 -43 -86 47 86 1 91 35 -86 -79 -50 -46 56 -66 70 18 41 
-46 -46 70 -66 47 35 -26 -52 -18 -43 79 70 96 22 96 -2 -96 -29 69 26 -47 61 -40 51 98 -87 13 -98 40 62 29 19 11 50 -65 94 99 84 92 29 -99 91 41 46 -28 13 -52 -44 -12 60 70 44 63 -17 80 50 8 67 58 -100 9 -54 19 -77 -55 9 -54 29 -13 46 -61 42 -66 -8 -79 -48 -1 15 47 0 -26 -4 -25 -1 74 -12 16 39 42 -88 39 -57 -54 -57 74 89 -41 -49 -52 27 
6 -54 34 86 -98 21 10 91 -8 -88 -99 -81 -4 83 -31 83 -26 47 -83 3 -41 31 45 -14 -68 -77 -15 -94 -40 -2 -56 -36 15 -91 -78 56 -95 -19 42 86 -56 -12 24 -73 93 52 40 -61 -47 -88 -58 -71 -11 -63 46 -15 100 -73 -62 -14 85 45 -3 -98 -66 -40 -77 70 88 -50 -38 16 55 87 46 -34 -88 38 -33 81 -100 71 -41 70 12 1 79 97 -12 -2 91 -12 -71 45 90 -79 -42 8 25 -100 
-93 -72 -89 33 83 100 -8 -51 -85 -24 45 24 2 -44 -83 -89 10 -31 45 42 -29 69 -53 -100 9 2 -80 -10 -54 36 69 -67 -75 -78 58 -26 -10 -39 48 -21 -34 42 38 -31 -25 -18 -78 -87 -5 0 -94 -9 74 50 -17 11 -4 -41 -16 69 80 65 0 -28 96 0 -82 89 84 -98 -42 11 -39 11 83 -21 30 20 -75 -98 13 93 -18 -62 86 -1 -73 43 -67 7 13 11 -89 -36 17 81 40 -45 91 -52 
77 21 96 98 51 11 -23 -35 -18 76 -38 -18 -58 -46 -69 81 57 -66 -75 -81 98 -57 -51 61 -29 47 -40 -43 64 -84 35 -11 -58 61 -70 84 -30 -83 -16 36 -31 33 10 -15 -56 -23 21 -66 -2 -27 -78 86 59 62 83 -97 18 70 77 78 40 -79 89 -37 41 -95 -51 80 -39 -13 13 -12 -33 -31 15 -8 -1 85 -68 -83 17 75 20 -16 -58 98 -91 -73 13 53 59 -90 47 -84 -35 -98 -54 42 8 87 
-17 -25 -19 -11 -20 70 -96 -5 -42 80 -58 -14 67 -62 -86 66 -70 -67 -32 -44 -46 -97 70 61 -80 48 -66 14 82 -44 -97 -92 81 43 40 -16 -9 -69 -8 -19 -65 -39 -13 -77 100 -28 80 19 71 66 -12 -37 64 18 15 19 50 -17 9 -22 54 -26 -65 50 76 96 -45 51 -73 -64 52 -30 -53 34 20 58 -98 -39 -47 20 -8 19 7 -68 -99 -83 62 -38 -3 89 78 98 -82 -20 89 -12 10 -70 -89 -50 
-87 51 -5 -25 78 68 54 -42 61 0 30 -2 63 79 95 -32 88 -62 23 47 -5 48 -26 37 -12 -62 1 84 5 7 -9 2 85 89 56 19 74 -87 46 70 -52 100 35 -53 31 79 -55 -21 -21 -81 -47 -12 89 -19 -40 7 -26 77 89 -2 -22 22 19 -100 -61 71 -10 -21 61 -49 -30 -31 43 -68 -54 11 23 67 60 -3 3 -92 -64 60 -27 13 77 36 18 -12 -71 49 -68 -11 -88 60 15 56 -83 11 
-63 -14 54 -76 87 93 8 18 -13 54 -81 1 69 65 83 100 82 39 -63 96 2 -43 38 -79 -91 31 -39 63 -68 -2 -75 97 -24 2 28 -50 45 -4 -66 68 47 71 -96 -47 -81 -98 -4 37 33 -98 -39 -25 -35 40 53 -67 -51 98 18 73 3 32 92 -30 -1 93 57 40 79 6 22 -85 -97 97 -34 100 -73 -66 22 86 -16 -34 90 15 35 81 -48 63 -40 77 -27 -78 21 69 -57 87 44 43 41 4 
24 73 91 -67 71 -38 -29 79 -43 63 24 34 -82 -2 -29 -92 59 -7 -56 -30 -2 -52 68 2 80 85 28 55 -90 -17 96 28 -59 -81 68 -38 18 -91 82 -62 -47 63 -97 -1 -87 -86 -1 -57 27 -39 88 96 -18 -65 -64 -93 55 -83 -98 50 -94 -78 42 -10 40 22 -7 -91 45 11 81 -2 -8 22 -46 -2 42 33 43 86 -15 41 28 59 -72 -42 -22 -7 -100 1 -50 -70 -76 39 -84 55 61 -65 -50 -35 
96 -87 99 -53 14 -96 -30 7 -18 73 -16 14 -67 -69 -18 45 -54 77 -31 74 81 -8 51 -35 19 40 49 42 -75 41 -39 3 67 -15 -53 -38 -94 68 73 -92 -63 72 -88 -71 13 -42 -89 -34 1 22 -68 -80 -74 -24 -36 -16 -72 -98 -34 8 22 51 22 -11 70 81 -47 1 89 21 -73 -13 -42 54 -57 -48 -39 65 46 35 90 39 -79 68 -36 -68 -18 -65 -66 53 -92 -68 -69 -82 -82 42 17 -55 -99 -8 
-12 64 -93 30 18 -64 22 2 -96 51 78 49 30 71 56 49 3 -22 75 63 -2 -83 -10 -55 7 -10 91 -3 43 43 72 -40 96 -3 2 95 -34 -11 73 57 -28 -15 97 -78 -61 -96 -71 37 27 11 -96 1 -53 3 -29 -62 -31 -69 -12 -30 -42 12 64 -51 -97 34 -69 -79 90 -46 -81 -4 37 49 88 -14 -70 -33 -69 78 -89 1 -23 43 58 -77 -8 20 -69 100 -76 100 -4 -31 -67 93 -52 -79 -95 35 
81 -17 19 66 5 37 24 18 -70 -81 -86 -52 -69 40 -38 -77 -78 -50 71 21 13 -27 -64 -72 93 12 45 32 4 -47 -14 27 98 95 27 46 100 -56 50 -100 46 19 -79 -38 -70 -96 -17 -10 11 42 87 35 94 22 35 -43 96 37 -96 31 -7 -33 35 11 76 61 96 -2 65 38 -24 62 -76 -48 -69 -73 -83 -73 48 -32 72 -84 31 -97 33 14 -56 76 60 -21 89 -49 14 -66 -40 37 -63 -49 -34 99 
79 98 -39 -26 47 -94 88 -72 -42 -92 69 -88 97 44 -90 6 -3 88 -7 82 3 -14 29 -15 65 62 -87 47 100 4 -84 -2 -34 84 56 53 100 43 -90 80 12 87 0 79 50 98 -20 -79 -89 59 51 27 59 -92 -11 4 -49 -53 -44 62 7 23 -52 27 -94 -23 -37 13 52 52 99 -71 5 2 -100 -72 -94 -32 -97 11 -2 3 29 -48 35 89 -32 -56 42 51 83 -47 79 91 -37 45 -37 -50 53 -11 
2 -70 0 -4 73 46 -75 -91 -87 60 25 34 100 -6 7 70 -69 -62 83 -55 13 -46 31 -76 -4 36 -61 84 -30 33 33 -27 -9 -33 -82 -55 -91 -43 24 -77 -94 -10 99 -59 -46 59 62 -24 -48 18 -38 56 -7 28 2 59 -69 -38 -80 63 74 85 92 3 -32 -70 -53 50 89 99 -34 21 1 -86 18 -48 -59 80 -91 77 19 -54 76 45 36 -83 10 -63 -37 -30 77 81 16 63 62 97 62 3 -79 77 
-87 -30 78 -48 47 -71 34 49 -9 -3 36 -2 87 -49 85 -57 -7 98 -99 -93 83 75 -24 9 66 -96 0 42 88 9 -56 -92 -47 88 79 49 74 61 -65 17 97 90 43 -45 100 9 -46 5 -21 87 37 91 -78 -16 43 -38 80 62 -54 -81 99 -42 -52 84 -10 -46 66 -43 57 81 -75 29 98 -16 -60 48 -41 -31 57 4 98 -48 -29 30 -12 1 -80 91 -30 18 -56 51 -48 -54 58 -6 1 -73 97 -39 
95 54 -58 -23 -75 97 4 -70 -36 -61 -34 -45 -44 -95 52 -78 -15 -15 68 -60 -96 6 50 17 59 88 -79 -55 53 94 47 44 -38 100 56 63 -12 41 -69 -29 -68 22 -97 16 -21 -39 84 5 92 44 -28 65 -40 -48 92 61 38 -11 83 -96 -49 46 -3 -58 94 -64 -92 63 -70 75 -93 -78 -50 -16 79 -54 -71 -21 -30 9 63 -37 -65 75 68 -37 -44 44 -77 46 -72 -13 -17 84 23 -9 63 81 -43 -56 
8 -73 12 31 47 85 -24 48 -88 -69 28 -83 -28 -68 66 -56 64 -68 -27 -78 64 45 92 -74 -58 76 3 75 21 -17 -13 6 -57 -30 -78 96 64 -43 -29 -75 -7 -57 43 0 100 86 18 88 94 -51 -46 -86 11 -74 85 61 44 -8 71 -27 -1 34 -90 -57 2 72 -21 -15 -60 -89 71 73 -14 -21 -88 -34 87 -82 63 -88 -85 49 18 23 20 -36 -37 -56 -44 -93 22 11 41 -70 96 92 -73 54 -23 68 
-71 62 -79 -22 31 -77 -24 -35 46 81 80 -66 66 -1 61 62 -86 94 -89 -91 39 37 68 -61 -45 76 -45 -85 39 65 -65 -96 -66 64 -27 14 82 -40 59 72 80 92 -16 6 82 -84 -77 14 -93 21 -71 20 17 6 -59 56 61 34 -21 -67 98 70 34 -84 -24 -14 -84 19 -84 -84 -52 -40 83 53 27 -54 -7 -28 9 -12 81 -11 69 -29 29 2 57 82 91 6 60 2 -64 0 50 -58 34 44 -6 2 
77 0 77 13 -56 -59 -88 30 70 -30 85 6 -40 33 -59 -97 -71 -74 -98 78 -4 41 73 -43 -13 -55 -39 80 -74 -57 84 29 8 38 74 8 -96 66 -5 14 18 69 -48 -84 -52 -77 -74 53 -87 -38 -97 78 79 -17 39 78 -78 16 -60 -86 -64 51 0 94 -69 -31 -87 -44 71 100 -95 -29 -69 7 59 -52 -5 -53 -7 55 -32 74 -33 -16 63 72 65 -44 74 -67 -44 -35 -82 -15 37 -99 -12 63 -68 32 
5 -10 -70 -81 80 -46 28 -75 81 -48 50 82 -60 -5 -72 28 -52 -38 4 35 -69 -3 4 -28 59 -53 25 -76 53 -72 6 -53 -46 6 -83 -5 64 -82 44 -31 -30 -15 39 77 -8 -41 20 -20 69 -66 -76 -85 49 5 -96 12 -54 -63 64 35 -67 -41 52 -59 -88 -35 34 73 -43 -94 -25 -96 -30 54 -61 -38 10 -77 11 34 -83 -63 94 -26 35 -28 21 37 -83 -86 -91 -98 -16 -67 -47 81 3 28 -16 -89 
-75 -93 61 71 96 49 97 97 -54 37 -22 -67 52 33 79 80 31 66 -14 -77 -38 -70 -56 -82 -57 -50 -13 44 -67 12 84 1 46 85 55 82 13 86 56 -48 64 30 -1 3 21 42 -35 -67 -44 31 66 -40 -86 -65 100 97 -32 -45 -32 -58 80 -87 89 27 -11 8 0 84 82 21 65 89 12 -46 -52 -61 67 -88 59 -16 5 -23 -97 -39 -42 -36 94 -34 -77 -24 -81 -43 -14 -5 34 -64 6 -57 -100 45 
-43 -27 -27 -82 -62 -51 58 62 42 16 44 98 -6 -27 -18 74 -16 -67 -51 10 -8 -95 31 -71 -88 29 24 97 46 -56 32 75 80 23 -92 29 21 66 -35 44 82 70 -64 79 85 -51 8 79 -34 51 55 -38 -28 4 38 74 -22 39 10 -38 -69 51 -49 60 53 -36 -96 -50 -43 -16 -26 -89 84 61 -58 37 16 95 -72 51 -95 38 26 73 -70 39 -12 -67 -57 83 -58 95 -48 -82 69 -5 96 71 10 23 
69 90 -18 -35 77 -90 20 40 -25 -83 -99 -54 46 81 18 86 11 88 97 -46 59 12 59 -19 -13 -79 -6 12 -98 68 34 -11 -94 85 25 -18 -53 -100 -26 20 -21 -70 -75 84 11 11 -22 -31 -97 -49 63 60 -95 64 -100 -8 -98 -84 -12 44 -26 -58 -2 -98 -7 87 33 62 -87 17 38 91 -88 -12 86 -2 -24 39 -52 83 -79 -1 78 8 -9 -12 74 -96 -87 88 -95 13 61 61 80 9 -23 66 74 -79 
-4 85 -30 72 74 -91 -51 -73 86 -8 77 -63 20 77 -67 4 79 -2 -72 7 38 -41 17 -60 -60 -91 -44 90 71 42 -44 -3 -73 -81 -39 -16 76 42 82 -4 -37 -36 7 -50 23 79 93 51 32 98 56 -72 13 -17 -3 -20 45 -29 6 41 -72 72 16 59 79 66 -44 87 -5 -37 -82 33 89 -58 -85 39 50 -19 -84 0 -32 58 -84 49 13 3 61 97 -44 -55 -59 -17 -94 -22 31 -36 85 15 -80 -36 
-22 -18 17 3 45 65 -19 33 -17 -11 -10 -16 73 2 27 -99 -57 30 96 -8 84 -22 -30 19 98 51 -91 -97 39 34 63 -87 -81 45 63 -27 -83 -31 93 -66 -26 -28 57 22 -78 92 -94 -45 -84 -71 -62 35 -13 0 2 36 -13 21 -85 -59 -51 -97 27 6 99 4 63 48 -100 72 45 -53 -35 67 31 -23 62 -54 -93 -44 -43 60 -19 51 19 -55 3 -85 -78 -8 35 -74 -77 19 68 54 -90 36 42 -40 
53 28 -95 40 43 -5 27 -81 -58 70 84 90 -86 17 79 62 -98 -78 68 26 25 29 65 39 31 -7 51 -37 -43 57 -47 -8 18 85 -15 23 70 -86 -25 66 18 59 73 -87 -9 -76 -82 -37 -3 -80 -50 -45 54 -64 53 11 -86 3 -44 95 -33 -4 -99 94 -16 -10 -36 20 -1 34 22 -78 -70 41 16 29 -5 -60 -81 -4 85 93 51 -48 58 11 -7 -48 -33 61 -56 62 -28 -91 -23 -64 19 100 48 48 
3 -70 15 -63 76 87 -61 34 -63 64 -24 26 6 74 35 -75 -92 -61 -8 -13 0 -39 -16 73 21 -40 -27 29 -79 11 -31 98 -88 80 -93 85 -60 -50 60 15 -48 -24 -8 89 -34 9 -83 30 -38 -66 93 8 1 -93 31 32 -51 -79 -12 -67 100 -2 81 66 55 48 -74 8 35 53 79 49 -53 -37 57 -42 -47 74 -76 -42 -55 36 -16 2 64 -3 -55 74 29 43 -99 36 -72 19 18 4 39 -14 -56 -88 
24 50 62 61 -55 -56 -36 6 -100 -100 95 -49 -26 -76 -68 -92 -1 86 -3 7 -94 -85 37 48 -44 -74 97 -66 -26 41 20 -39 -77 -57 59 -74 38 -36 -77 -3 32 16 96 40 45 23 40 1 -65 61 -84 63 -25 -97 -73 22 -4 -89 -70 -29 -96 -11 28 -55 66 -65 79 -30 53 -45 -46 -63 94 -97 -5 -39 54 -38 92 63 77 -83 -70 -14 -43 5 -46 -83 68 96 -6 85 -13 -30 -95 48 -84 87 48 -25 
-73 -85 -58 25 10 81 98 30 91 -48 -84 59 54 -81 -34 -91 -29 87 51 29 -79 19 35 3 -65 60 99 -1 40 71 -59 90 -80 -65 14 -4 67 -34 87 -6 43 -45 52 9 65 -48 -89 -63 -39 84 -76 62 87 14 -64 -89 -48 2 45 -53 -74 43 26 93 13 30 18 49 26 8 -68 -84 20 100 -78 58 -62 -20 -83 80 -88 1 -94 19 18 96 -89 55 63 -37 -29 -73 -97 -21 77 41 -67 -62 98 51 
50 -83 -10 -81 -34 -63 91 -7 -3 -90 37 -76 60 15 -38 15 0 72 35 16 75 10 73 75 -91 -36 -28 73 21 18 25 -56 40 44 -76 -83 -43 19 -1 9 65 96 -62 22 10 -5 16 100 -62 -41 -99 16 98 5 27 6 -22 89 -28 58 27 93 -98 59 -91 -86 -73 67 -94 51 -77 53 -24 83 -98 40 -67 54 -89 58 -75 -77 0 -77 -38 -2 -61 -13 -80 -23 59 89 -72 -45 -50 -56 -72 59 74 -27 
-77 -2 93 -47 90 -73 -67 17 -7 -26 66 -28 94 96 -42 29 56 79 -31 -38 30 22 -20 -90 -10 -57 81 41 -3 -39 67 87 -66 45 -4 9 77 96 -29 100 -9 -57 99 95 89 -91 47 -39 -66 -83 57 88 -100 24 69 -26 7 -69 -2 -24 35 -7 0 89 -95 -87 -73 -84 -27 -49 20 -44 89 -12 -93 86 -41 -42 -20 -15 -85 76 -62 -81 100 65 -20 -56 63 47 -93 -10 94 -55 -67 43 31 -62 7 -65 
81 46 51 -6 29 72 32 41 57 10 41 -70 7 42 -23 44 35 62 41 59 -59 -78 81 -52 -13 -54 -68 93 -56 26 -65 -81 94 -88 32 -53 47 -60 37 30 -99 -46 -6 90 -39 39 0 -26 25 86 -61 48 -44 -22 98 82 -34 -67 84 -48 -56 -98 -34 36 -40 -32 15 -71 10 -63 64 70 36 14 82 -34 91 -21 -100 -35 32 73 -44 -77 52 39 42 -58 1 61 -21 -40 63 -8 30 -98 46 71 81 -26 
16 38 -31 13 100 -19 -49 51 22 -4 75 -50 62 -63 91 41 95 -86 63 5 7 60 99 -47 32 59 -85 -58 -56 83 -12 -78 95 -48 -45 0 78 1 90 -60 85 51 -94 62 28 60 -93 74 -34 -59 51 8 -90 -62 -15 82 -75 13 -95 -20 -90 23 -8 -28 -71 -10 -47 20 49 -3 -39 -55 -88 -52 80 94 -23 -96 -4 46 74 17 59 43 -72 74 55 -23 28 86 -5 -60 87 -86 32 -99 4 17 22 -25 
34 -71 53 65 -55 -85 10 70 44 8 -98 -70 -64 -96 91 15 98 31 40 -95 12 -62 92 -69 -11 -82 -93 -4 92 -76 57 10 28 -29 -25 60 -38 43 -41 18 -78 34 89 -16 -66 26 -8 42 31 29 38 76 92 52 83 50 65 -41 -45 -37 31 56 -14 -12 16 -33 -68 -89 -10 -61 -91 18 29 -33 35 57 -10 -65 -30 98 24 17 48 -98 -63 85 27 -81 2 -10 -77 -89 88 -61 12 45 50 -43 41 74 
0 90 -97 72 -68 -27 -25 56 10 84 -79 64 -77 -49 -35 -74 -77 33 18 -64 -90 34 -30 17 -45 -25 51 -88 -62 52 28 96 82 -17 -28 -9 -91 -10 -100 -58 33 -47 54 77 -70 -11 -29 -63 88 -33 -44 -26 25 67 -14 -63 -75 61 -62 79 82 72 -10 42 -18 51 92 -71 -67 28 -74 -4 -5 15 -1 -73 -42 -24 61 19 8 -62 -20 -52 -39 -16 -73 -98 -93 -98 54 85 24 -2 71 -19 59 36 -35 22 
79 -70 -77 -39 8 93 -28 47 -94 28 -3 -64 15 52 -3 -16 98 -47 80 41 76 72 -61 -38 -79 66 73 -19 -62 -62 -89 -38 -20 -41 97 -4 16 73 -42 -53 53 69 13 -52 90 -64 36 -3 -70 34 -83 66 -90 11 4 -76 90 -97 -18 18 78 -65 -13 30 -87 57 -52 76 -83 86 -10 -100 -90 59 -75 -2 -90 65 -42 -52 66 -46 -3 2 85 -84 -80 11 66 23 -57 61 -51 23 -93 -38 -13 33 40 -81 
-17 -87 -71 -14 -59 -11 -47 -34 41 10 28 -96 -100 -9 31 -65 -73 93 -46 71 78 91 100 -31 -58 -96 -25 97 73 -69 78 53 3 -91 -75 -63 -54 -16 -93 -47 -100 33 34 16 88 95 75 81 -12 6 -44 82 72 -90 -42 14 87 26 -95 41 15 7 96 -68 -35 34 -50 -20 16 92 -7 -17 71 9 3 -85 -30 48 34 -71 -36 13 97 72 13 -37 -52 44 69 35 -15 66 43 15 76 72 -22 50 -10 17 
-18 -10 5 -56 -40 -70 66 -9 44 -46 48 16 80 -47 -56 -32 0 97 -88 26 40 -50 61 17 -2 -62 51 -43 28 12 31 14 15 82 -70 52 -8 49 -93 -62 40 -75 -52 24 -72 1 -27 35 -21 -44 82 38 54 25 42 64 25 -9 -89 -95 88 52 -28 32 36 16 82 81 -97 25 6 85 66 -5 18 -64 -69 -39 8 96 82 -71 41 84 77 -95 66 76 -10 -93 -99 -92 25 -32 85 -95 45 3 37 -77 
45 100 93 -62 -55 82 38 58 -57 -84 4 -68 -4 -34 -3 36 -12 -34 57 62 -88 93 91 -4 -70 -16 -71 -3 83 85 -80 -60 -50 27 -3 98 -90 44 4 -21 -36 64 -56 100 46 21 -56 22 -77 10 52 -65 -7 34 -33 -60 -6 -60 93 -52 -62 98 -69 7 73 18 -47 32 -100 73 -34 88 64 50 1 30 -12 55 44 -30 -36 -76 -77 -19 6 -49 92 88 75 -38 -61 95 84 -43 -5 -81 -33 97 57 -4 
-72 22 -45 -56 72 -52 -17 -81 -79 -61 -22 -95 76 -81 95 74 -27 36 28 -73 41 -70 -27 -92 -66 53 26 -68 -57 69 37 -68 59 -98 57 -45 -27 -89 24 6 41 -18 -31 30 42 11 85 30 -91 -11 -4 -91 21 82 96 -49 25 98 -90 -68 -97 -37 -56 -51 -88 -91 14 -65 -70 -85 -60 -93 -62 -18 27 37 30 82 39 -63 87 86 73 99 -97 -1 3 -26 -88 -82 -50 -96 -99 -57 -22 22 -34 61 99 -30 
89 -18 31 77 -13 -82 18 -74 -87 18 -61 12 -9 -89 29 -62 -43 -2 89 38 -70 -56 4 6 69 -63 -53 -91 -76 84 18 82 -49 61 77 0 -90 -62 -18 -79 23 66 86 31 -70 68 61 -16 10 59 4 -82 -95 87 71 -60 49 50 100 -59 34 -11 -2 -12 -19 -22 -60 57 -83 -16 -50 -1 -66 -86 -59 26 -4 3 -88 35 97 -96 -18 19 5 34 56 -22 12 -81 37 -94 -89 38 24 -29 -60 40 27 -73 
17 -57 -77 -62 40 -25 14 -94 48 -26 75 90 37 97 -44 45 -26 -86 -78 -37 60 81 24 -100 -91 11 80 47 -1 73 -14 100 98 15 -39 48 28 -19 40 47 -30 45 -63 -2 -53 -53 -85 5 95 73 -19 52 -98 29 80 -18 -84 28 11 -29 14 -5 -25 -38 86 89 63 36 -73 -10 -89 70 -45 32 94 18 37 -10 -67 -86 -58 40 82 -35 -81 -61 99 99 44 -79 -38 -83 91 71 -56 2 31 -70 -71 -82 
58 12 -46 56 34 84 59 -12 34 -34 -98 49 37 97 28 2 98 -80 -5 98 40 -17 91 -55 83 87 25 54 -58 91 18 -78 -81 34 -68 -48 16 -4 100 -48 25 56 -3 13 -61 -33 20 -58 81 -95 42 12 -28 -68 -33 56 80 54 34 -90 37 61 -81 80 37 -6 13 24 47 88 22 -28 3 9 -68 -32 20 -21 -21 -96 -92 32 9 -41 -18 -36 -74 81 27 88 -39 66 68 -55 42 -100 2 -76 -3 98 
71 11 -49 1 10 40 -47 18 -13 7 -22 -89 -11 -38 -43 67 -95 48 19 -96 -86 71 34 80 -23 17 18 3 48 -46 78 -64 57 60 -68 -1 -90 85 -43 97 96 86 -55 27 34 -40 29 26 36 6 1 69 -20 63 -18 30 85 33 64 49 4 7 -65 49 25 0 -88 1 20 -79 72 83 6 94 0 41 6 97 -27 -100 -12 57 -92 -7 -65 -58 35 25 4 35 12 -86 14 -57 49 82 81 -54 27 31 
39 9 -69 37 -58 -38 27 50 10 77 68 -54 5 -43 7 88 44 -83 -89 87 -3 20 10 -77 -88 -40 -19 20 67 -59 -17 91 83 96 -97 30 -17 -64 -44 -44 11 36 35 75 69 30 72 -60 69 -47 24 -19 -4 54 -43 24 -20 -57 -12 -88 -79 70 53 -75 -83 -52 -57 72 -11 -19 39 98 -77 77 3 75 85 13 57 9 37 -20 -18 73 -95 67 -44 -48 84 -25 -26 -58 -73 2 27 -57 93 -1 -97 45 
-83 81 -55 72 59 -79 -15 89 -78 -35 -6 -86 -78 22 -25 18 -54 83 23 80 50 56 -57 -54 52 -89 95 39 33 -34 65 69 79 78 -44 -76 -13 11 94 -30 -86 87 -19 25 -23 33 -47 4 11 77 87 -76 29 46 75 -34 -53 45 -10 59 9 -100 -17 36 -81 -63 -64 -60 21 87 83 59 3 48 -63 5 14 -68 -53 19 -61 40 97 83 30 -56 94 -33 -79 -75 76 46 50 64 70 -25 -28 8 5 -75 
-59 -62 4 2 32 81 53 50 -92 -8 -33 71 68 93 -49 -77 -10 -44 -54 20 -61 -2 69 -84 -76 51 77 33 -98 -59 -97 -78 9 72 32 89 89 -92 97 -94 -93 -34 50 -8 -1 -17 -58 3 99 23 -90 -82 3 -94 73 -89 1 72 99 59 -59 53 -45 -43 -35 -83 -55 52 100 68 21 18 -25 38 23 -32 77 -68 47 -14 -24 -68 -28 -75 -21 -3 -29 -36 -91 -34 -10 48 15 -33 45 74 35 63 -65 34 
92 -43 71 -80 21 28 -57 47 33 -71 15 93 -81 -57 8 -10 -7 -79 24 -22 -75 -39 1 50 -22 39 10 -74 38 20 -5 38 74 4 72 -26 59 6 63 43 89 39 -36 -82 43 -40 63 67 92 -64 32 -74 -88 67 -84 26 -61 -81 -64 13 -89 -1 86 7 -24 -68 -90 -12 75 34 -72 1 -41 25 -92 18 72 40 95 91 71 -59 59 10 -40 -70 64 -15 -81 -47 42 -37 50 36 -30 -58 -62 61 -25 -52 
57 27 34 66 -16 91 -59 -91 -68 99 -25 16 76 -55 -28 54 -45 -68 -61 -26 9 35 -58 -44 -82 74 28 86 70 -67 -72 -28 -80 87 13 -38 -38 63 -35 -42 -33 -17 45 24 -88 -53 23 -52 91 -89 -26 -8 -64 89 23 19 -6 -22 -76 -52 -59 69 81 -40 -10 -37 -86 -26 52 -29 40 -27 13 36 -26 47 -66 90 8 -82 -61 -78 11 31 -76 -90 91 -39 -81 -56 87 80 16 85 48 77 -80 16 -47 61 
18 44 -11 22 14 -100 -33 60 72 11 94 98 39 75 -97 -40 94 -35 2 -76 52 34 -59 31 53 99 84 -51 -47 78 -75 -76 -46 70 76 67 38 43 -80 75 100 8 -42 -31 -99 -18 -7 61 -94 -29 55 -2 40 -78 -73 -72 63 58 -7 -2 -31 96 99 -84 89 -19 99 -2 -2 -93 -50 27 98 84 -99 21 -99 45 -16 26 86 -22 87 -70 78 19 -23 -56 -64 -23 3 -78 -86 36 44 -29 41 51 93 66 
-21 86 -23 83 -80 -83 70 35 54 -40 40 -65 -51 13 -49 57 -89 27 92 81 55 -74 26 -1 21 19 -23 65 -40 86 95 71 30 67 63 -16 1 66 -21 -3 78 -62 78 74 36 13 -58 -93 50 75 55 -75 -92 46 -38 24 83 -86 -35 9 -90 -97 3 -37 1 -81 -23 -37 68 56 -84 -97 -43 85 44 35 8 54 -2 -4 -87 -9 -28 47 3 -27 -86 13 -62 -25 -71 -34 -40 -59 55 31 -45 -67 -32 -75 
-44 -91 -93 7 26 39 38 79 84 29 -10 -45 42 98 62 -20 5 71 92 -85 73 4 -23 36 -86 40 -99 -64 -54 -57 93 59 -75 -3 14 40 -35 74 28 -52 -15 -9 12 40 -27 66 -18 -70 -50 -68 -62 -77 -29 20 18 72 25 -74 -74 -63 97 -29 -17 -31 -74 43 13 -61 -6 -2 -17 11 -5 68 44 67 -7 4 5 -67 50 88 21 -70 -13 -40 -38 23 -20 65 72 9 40 64 -9 -71 3 -67 -53 56 
-54 -95 84 50 -23 55 83 32 58 -10 -36 81 -26 24 50 24 -10 80 78 -63 -46 84 -74 -72 -53 -57 3 67 -76 -33 -30 -38 70 -38 81 -7 -45 -20 -5 1 50 -91 -4 67 36 78 2 78 33 35 90 74 92 48 -62 15 -80 -99 -44 -24 49 23 -39 77 -46 70 -86 -84 88 36 4 -20 -47 33 32 80 -24 43 -2 -37 5 100 -42 10 16 -79 29 97 2 -6 -24 18 -27 94 -100 -56 21 -51 12 75 
20 -18 61 46 -64 93 63 -4 -35 -49 -44 -97 -33 -55 3 86 97 -13 -97 20 89 38 -93 90 47 -34 -54 -94 -5 -4 45 -38 11 30 83 23 -83 -40 13 -25 69 30 64 -11 64 -82 88 90 1 23 -72 -76 80 -76 -63 -27 9 -2 61 -59 54 30 15 -79 14 70 -72 87 32 -36 -15 -9 -54 -53 48 -21 -61 -66 -19 -77 11 39 -63 73 82 5 -39 -59 -50 35 -92 -83 -27 57 5 -89 -58 -44 -8 57 
-51 23 10 38 10 -26 -17 -2 35 -68 -73 30 -9 -37 13 -28 -95 -57 89 55 -86 67 -34 -79 82 -67 -42 -100 -78 35 37 60 36 -25 -28 -2 84 -2 -3 -11 82 56 -81 0 48 72 62 30 65 -17 40 -77 -43 -5 31 -35 52 74 -6 -44 28 -69 52 -4 87 -10 70 0 -52 -85 -3 11 82 -34 42 75 -20 70 -83 -50 72 -9 88 33 21 -44 -4 84 71 -8 12 87 -83 -78 -75 99 -68 -84 56 -57 
3 16 -90 -74 -3 -91 -53 -57 -28 93 61 3 -59 -6 -72 74 27 52 -85 -61 -78 93 18 -37 -65 24 -2 76 -25 47 -30 -23 -32 54 87 19 -32 99 -60 -67 -88 61 61 -57 48 25 -4 6 41 72 -13 43 -47 80 -33 -61 46 -63 -53 67 -53 -90 -42 14 -79 -76 -44 -81 0 91 -94 87 19 96 -66 -16 -11 39 -72 60 -20 -38 95 -61 71 -18 -91 -9 83 -100 -85 94 -60 -4 -38 -100 -76 83 5 -58 
