44 -23 -19 33 -46 -51 15 23 -52 -25 70 -91 40 11 -7 77 -61 -81 46 -49 68 54 96 98 23 20 -61 -39 -46 2 62 29 -62 24 57 20 -65 20 49 18 -50 -72 8 -48 -6 -47 -47 -22 92 61 -54 77 99 -1 81 -48 7 65 26 -4 48 -24 -54 -67 40 -88 42 -70 -78 67 34 17 49 -20 56 -31 69 20 -70 -42 -93 86 97 -93 -6 0 -14 -35 94 -42 -4 86 -19 -35 -93 -97 -2 -77 -78 -55 
-6 -12 10 17 -46 71 6 19 -100 63 -29 83 2 -55 -77 1 98 -85 -6 85 -74 -67 97 -7 -40 100 93 41 95 -19 72 9 51 -2 -83 57 58 -33 -93 56 72 87 59 -44 93 47 -69 -47 84 99 29 -73 -43 91 -80 -4 14 34 -85 73 -95 -52 83 -18 -98 -5 -12 -84 45 13 -17 -81 1 27 -6 -30 -65 -43 -86 83 4 -61 71 -51 2 -50 -44 62 -22 26 2 48 81 59 -6 -27 78 -67 79 -79 
-90 -11 -92 -5 -41 67 37 26 89 -41 -54 67 -22 22 80 -69 -50 83 -82 91 -16 88 57 24 -70 -55 -53 72 45 -69 38 61 -3 -13 57 19 88 -14 -72 -71 91 -47 -88 98 74 -25 -21 75 67 57 -55 85 -94 80 -89 56 20 11 71 -5 24 -92 34 1 -63 10 -95 -97 -30 -15 -58 21 -37 -22 -34 97 -76 -81 94 -21 -22 47 43 62 -67 -24 62 71 31 0 94 -22 -75 -74 6 -43 -39 58 97 -100 
38 -44 -92 0 -100 58 11 96 27 70 -39 76 -46 -48 51 70 97 56 93 97 83 -28 -24 -89 -54 -3 39 36 -4 13 -18 -48 -99 -44 -51 -6 -30 13 94 87 21 48 -48 -95 58 99 -88 -73 16 63 -70 62 4 56 29 -60 -62 57 -59 79 -94 62 91 -1 -94 -66 -44 94 95 32 -39 2 -37 61 72 -43 88 60 -54 -44 43 61 65 15 -71 93 -12 28 36 -100 98 50 45 -92 -61 17 13 79 75 -16 
-74 96 -98 -13 65 99 -17 54 38 -60 -27 -40 52 -3 21 51 -65 99 51 16 1 15 0 -82 -75 -80 48 60 74 -14 59 73 -90 0 -92 4 -10 54 96 -48 59 -5 100 74 -84 69 -77 -18 15 57 46 -78 -30 59 11 -43 90 18 -98 -10 15 34 24 -4 -60 -22 -69 -94 95 -13 -70 -22 46 -29 45 -69 -50 -44 79 46 51 31 58 -52 -94 -55 -27 -10 -57 35 49 65 -92 18 -46 31 -56 -37 60 52 
-1 67 98 13 78 0 4 -17 -39 -50 67 -29 -81 -23 -32 51 29 -71 76 -53 95 -66 -11 -55 70 19 100 -62 66 5 -2 -84 80 71 -39 -91 1 8 30 43 80 -74 64 5 75 -82 -65 85 65 -1 -56 -39 27 -16 -50 36 68 6 -73 3 10 69 31 51 -2 -94 -64 -2 -80 89 34 67 -59 62 88 -33 16 -60 84 59 -45 99 -2 34 -6 -94 91 41 -96 -54 -92 7 18 -76 97 -88 -26 34 43 56 
39 13 73 -44 -29 -97 6 57 88 22 -8 20 17 52 48 -35 -77 -79 98 -69 -62 -2 -72 -46 7 67 37 -99 -32 -51 -93 68 55 -17 -12 97 9 58 69 67 7 -72 -85 92 -83 51 -6 22 84 97 33 62 -26 -78 -78 93 -52 -23 -71 -47 -72 -68 6 100 20 -49 72 0 70 -35 -37 66 48 60 -15 5 73 -70 -97 87 6 53 -74 -61 -81 -91 -87 78 -34 -76 -99 92 -18 36 56 -97 94 -56 -9 23 
94 -57 73 -77 92 77 65 -5 98 82 -69 -13 -94 56 -25 -62 -40 -35 -86 18 -26 -36 -65 29 46 96 -21 62 -40 86 22 -48 20 -24 58 86 -53 -67 -91 -34 31 70 6 -15 -26 -24 97 -32 -25 -22 -95 -74 -85 13 22 26 -92 -1 79 -25 86 -22 -3 55 22 -10 -14 -5 32 69 -64 22 33 77 -5 51 -44 19 92 29 -23 45 50 -50 60 -61 -39 -41 53 -37 81 -56 82 16 8 0 -3 40 26 83 
-94 -35 16 30 -90 -91 -63 -65 -65 -4 9 -52 -11 -35 99 -57 94 62 -37 1 40 42 -11 69 38 2 67 -15 -1 -92 -65 7 4 57 59 87 85 57 19 -16 -7 -82 87 -45 58 -24 -49 -22 -83 19 -11 -26 -85 100 47 77 -47 -50 47 53 -65 -57 16 -43 -76 -19 -50 -60 84 75 -77 16 75 59 22 -60 65 80 -21 -100 69 -96 -91 -25 -89 43 -16 -71 33 38 45 41 -12 -19 40 -93 -9 -73 44 -82 
-28 19 -3 64 -19 74 10 58 13 60 47 -99 59 -76 -37 59 36 36 -79 -97 23 -13 -85 9 -84 -1 -5 -55 8 -59 95 -65 46 -87 -20 11 99 -67 -41 -12 -53 44 31 12 -57 -1 41 95 -21 4 45 13 23 36 -68 83 -64 0 72 -17 35 19 -22 77 68 10 -69 2 33 -52 7 -96 7 5 -70 79 -100 76 -42 33 -4 -46 82 -48 -41 63 23 -5 -33 4 80 74 31 -32 69 85 32 -46 18 91 
-30 -46 -10 -41 -71 97 -82 63 44 94 70 5 -98 15 -28 26 -98 -41 74 -54 1 -15 74 -4 -93 79 77 -51 -16 -14 1 4 -28 -74 89 53 -23 9 -48 31 41 12 53 -11 24 82 75 -97 -77 36 81 3 39 -37 46 -86 66 -92 87 -27 9 72 -31 51 92 54 -43 -43 -69 -47 -62 47 -74 -72 -50 32 92 62 60 -39 -54 -47 79 -99 87 -22 -74 -24 73 -91 46 51 -35 0 -52 -11 33 -28 -11 59 
78 61 48 -27 28 -14 -60 -11 96 88 -25 -55 62 22 -52 -59 -93 -66 12 55 78 2 0 31 -51 -67 97 17 47 -80 -23 -83 -38 -40 77 75 38 4 38 -12 87 100 52 -48 83 -16 -56 73 8 91 -90 -43 74 -30 94 -86 15 61 -51 -14 24 96 10 88 -17 55 -37 58 12 67 -49 79 -33 5 63 -77 -6 -58 78 -36 -16 8 83 70 -21 30 95 -46 -100 -4 50 -74 -72 53 -7 -75 -92 -41 -58 2 
-8 5 80 -54 -92 97 -32 -60 55 1 23 87 -69 -71 43 -76 55 35 -96 -38 69 62 35 -57 -97 22 -50 -40 -91 -46 82 -95 -78 -70 -41 -63 -81 -85 54 59 28 -16 -61 -70 -18 100 0 91 -60 -91 48 -32 -69 38 68 -54 -66 97 99 94 -62 -16 52 61 58 -29 -90 47 33 -33 38 -57 -80 -64 -43 -90 44 4 84 -94 -66 -61 -29 9 -2 -61 67 -76 -68 60 97 48 -32 -74 85 43 -89 84 59 -78 
-88 -70 5 -23 22 20 -47 93 -6 -35 -54 12 64 -30 97 -3 -10 -48 -27 -55 45 100 -2 -11 72 -44 76 4 -99 44 39 -26 -52 26 -8 -87 30 -44 -73 33 -51 29 52 63 99 90 -53 75 -72 -1 -53 -79 98 15 95 73 -11 -22 -6 -98 96 -12 -18 -98 2 28 -44 -18 98 -83 -63 -28 -74 58 -32 85 59 -82 39 73 41 19 -38 -53 -97 -91 45 -40 -31 -94 6 49 -60 -38 68 -24 8 -85 12 -99 
62 31 -33 -40 13 -21 30 52 21 56 -61 -55 -27 75 -45 76 45 97 -59 44 88 91 13 -82 60 -45 77 -44 -59 -76 72 -98 50 60 99 -69 -60 -73 13 -17 -18 -52 35 32 52 13 -90 -92 85 -80 -70 -46 -72 -87 3 -75 -51 77 -21 15 -48 47 -30 -68 40 46 93 31 83 -57 -94 56 57 9 -56 -13 17 -88 63 51 -35 -67 -75 -51 39 -72 30 -21 31 78 -13 42 29 -90 -46 83 17 -52 -24 -93 
-52 -93 -95 85 -57 -47 5 -58 -26 -86 74 28 70 -70 -47 10 12 23 -100 -48 -7 -90 -17 91 61 -71 -11 -40 67 22 39 -41 22 -64 -34 -56 82 -57 59 -59 -61 -77 -97 -23 -55 76 41 -52 81 -61 -35 -26 75 65 38 30 25 17 -8 -71 -68 55 -40 97 -100 -94 -14 -57 -50 -17 -40 60 -58 33 32 -30 -43 11 -36 34 75 52 -88 17 64 -46 54 -5 -43 12 -49 7 -61 56 56 13 -54 -93 5 -81 
49 -82 -50 73 -50 37 -60 7 -30 100 50 46 -5 61 52 85 -98 68 65 -46 -50 23 -53 -58 -51 45 -97 9 49 50 -59 70 12 46 -55 7 86 26 79 -9 75 40 -65 -22 64 39 -79 -27 24 78 6 73 77 -43 71 -41 -6 9 45 15 -36 36 -66 51 -87 16 -50 -31 -39 -22 -17 -6 -21 -92 49 99 9 61 4 73 -61 -78 32 77 26 16 34 32 -39 24 -96 67 -14 -1 38 49 -1 -94 -87 -88 
-34 -93 -23 39 5 82 -44 99 -4 88 -94 9 -88 72 99 37 -20 100 -2 -89 79 -53 -17 13 58 -69 -71 -58 94 71 78 -34 49 96 10 -95 -83 -9 96 -94 78 -26 64 25 12 -16 1 -80 99 -11 23 -83 97 -33 -59 41 17 -68 -79 -42 -8 17 34 51 62 -48 -92 100 59 58 -3 77 -29 -99 52 32 -73 -100 -46 -16 -5 -37 6 -17 -66 75 -6 62 -49 -50 49 4 12 -55 54 11 36 0 -8 75 
-79 -94 72 81 25 29 -56 26 59 28 11 -79 71 -58 67 98 87 -64 -49 42 3 32 8 41 -21 86 -75 -73 29 54 25 1 -55 64 -62 100 -82 22 -63 88 99 22 5 -72 -42 98 32 -99 -100 -22 82 -52 -33 -46 -95 -39 67 -17 -56 -37 15 33 -49 13 19 84 89 98 51 -95 -96 16 -79 -99 -68 -4 -59 -88 -5 71 34 -12 86 57 89 8 -68 84 100 37 -67 -47 -92 -54 39 70 -68 24 -76 62 
-68 61 80 85 31 89 47 -9 86 64 61 45 8 -79 -72 95 70 -9 90 53 -77 -44 -77 -88 91 -70 -9 -4 -49 99 97 48 -61 -76 86 -93 28 -48 -71 81 -88 37 -68 -88 -65 -76 11 4 6 -12 35 -13 -98 51 16 -61 53 71 89 71 73 63 95 -31 34 58 8 89 -38 29 13 9 -87 18 -23 26 -6 16 -24 32 -97 -97 -75 -24 86 -98 -73 -3 47 100 31 -45 -24 -64 86 94 32 50 55 71 
21 -93 10 91 -52 60 -34 83 51 -28 -69 -99 -41 -9 -74 85 50 69 24 26 99 99 -83 93 60 -45 -49 -70 -27 91 75 33 -23 -2 86 -91 13 2 49 -73 88 -66 48 67 71 13 -50 -57 39 -91 39 -66 50 -22 18 -44 81 -80 -36 82 16 -8 -15 -5 78 13 49 76 -42 -14 -9 31 -96 -33 -74 97 -11 -15 -9 60 85 -50 30 91 -31 -7 -50 93 14 49 -90 -19 -86 -68 -75 -26 -82 -51 45 -8 
-71 -2 -39 -85 -42 70 -46 17 95 -17 -6 -87 76 80 -93 7 -49 -21 -37 -78 -94 -20 -18 36 89 32 -19 49 6 -95 -68 88 -32 93 -22 35 42 -36 -57 95 53 71 -15 76 77 79 -80 -85 -54 -52 99 -26 -53 21 -33 96 -8 -22 58 -18 96 -45 97 -89 -34 1 17 34 95 -42 36 -28 18 99 62 -87 45 -75 -46 91 29 95 -36 36 -65 76 55 -54 -85 83 -46 51 1 78 -84 29 29 64 16 -72 
26 -18 95 -49 -16 92 80 -91 48 -18 -81 12 49 -40 -96 -24 -17 -47 69 -18 -6 -20 10 -16 84 68 31 82 -58 13 10 80 36 -85 85 -78 23 -48 67 -17 -13 95 -59 70 -2 -6 82 -71 56 38 -32 -25 91 2 31 -86 29 -93 97 -72 -28 70 -29 -42 -47 -26 -61 53 66 -78 21 0 42 -36 64 -55 -66 60 58 12 -83 17 26 -26 -83 -49 86 -9 -73 -69 -80 16 -60 79 17 98 71 28 20 -81 
49 -7 -68 92 -88 53 67 -66 85 -10 61 -10 21 6 100 -29 -77 93 -59 57 -71 98 45 -22 51 -30 62 -75 82 98 19 71 46 85 -48 -22 45 34 -3 40 -16 -44 -19 58 -65 18 -67 54 97 -18 -32 85 92 40 -94 24 -17 -24 15 -5 -69 99 -63 91 -30 17 -57 57 15 -5 83 46 40 11 79 85 -2 8 98 98 -76 35 -68 89 -19 37 98 14 24 18 -74 66 4 -99 74 88 13 -14 -43 -51 
-45 83 35 -53 -60 24 -68 -84 -56 -16 -7 54 34 -27 2 -37 -20 -27 -30 12 62 -48 93 45 -71 -86 30 -2 -46 64 -31 -94 -6 41 99 60 -80 -33 87 20 96 -42 24 28 31 -40 79 31 85 -28 -1 -5 53 28 -93 -56 -1 -87 -7 95 6 -80 43 25 40 -90 -82 42 -86 86 4 -1 -13 -5 -30 97 -94 -85 62 -9 -49 27 26 -37 -69 84 -15 -99 95 59 -80 -60 2 7 85 -52 -47 -95 -16 73 
-19 72 3 -75 90 87 -19 11 8 97 90 74 -18 80 66 77 -17 15 -66 -18 74 69 74 -50 -5 -32 -27 73 53 6 29 -10 94 -8 49 75 -78 -28 70 26 -57 -86 36 -78 65 27 -80 -19 50 -72 61 2 59 -96 -62 -48 36 1 -62 -9 59 -39 10 29 41 -85 -71 89 78 -95 98 -10 -14 -35 -31 71 59 -12 -68 -15 -76 15 87 15 58 -78 -28 72 24 -1 24 22 -85 63 -97 -17 80 -15 94 -65 
9 -79 12 16 81 97 51 -99 -23 -11 51 81 96 -41 33 34 89 72 17 -73 21 -38 60 94 11 63 36 -22 20 55 9 62 -52 90 -81 5 -6 96 -7 -89 2 55 8 -66 63 -16 37 76 -36 81 81 -96 0 -53 -36 -6 59 0 72 25 24 -68 2 37 94 92 23 63 -50 -18 -6 1 41 3 46 -41 -6 62 -54 74 48 -87 66 -60 5 90 22 95 -34 -19 62 38 26 7 43 -29 -7 -18 22 -21 
-85 19 97 -65 27 51 -37 38 26 -32 -29 19 -64 59 -82 36 43 -84 1 -44 43 60 -69 9 -39 -3 -1 -87 90 -9 75 76 -57 -1 -52 70 -70 -66 -1 -1 91 -81 52 39 41 56 85 65 -95 -36 91 68 37 100 -62 -46 99 -57 19 -94 93 58 3 -33 33 100 49 -38 35 -18 -68 70 42 -12 -85 -40 -11 -47 -48 -82 94 -98 -58 21 57 71 39 -10 -90 -45 62 -78 65 -98 -1 -78 -13 -88 -74 87 
11 -96 30 -57 10 -8 60 17 -23 -94 63 85 35 -28 -99 -69 66 -63 -48 -93 40 58 59 -22 -96 -26 83 -100 7 39 -30 0 -23 59 14 51 -41 17 -20 11 22 -84 -65 43 31 84 2 90 34 -33 82 -97 53 27 99 21 -83 63 -7 -23 -51 91 -48 -87 13 68 -67 38 70 -47 61 -9 30 -61 19 -45 -91 -59 89 -26 11 -25 -40 76 -45 12 -74 57 28 52 -57 85 -24 -23 -78 62 -55 18 -37 -37 
-38 46 71 -33 9 -80 80 -75 43 61 -65 43 24 66 87 29 -91 -65 -26 19 -77 63 91 -14 -76 -93 83 12 -50 -54 95 -32 -26 19 -100 40 13 69 52 -46 64 57 99 -64 39 -61 -36 85 33 -61 -9 -98 -77 -26 -27 23 95 26 19 11 69 53 25 81 -83 -10 -31 -72 -92 85 94 -69 -96 42 60 -35 42 -71 14 66 -4 26 93 2 -43 -24 -61 26 -27 -69 1 11 1 -7 -7 -22 -48 -93 -27 -51 
-21 -41 -49 -45 52 -50 -71 -16 -63 -14 -11 -31 80 -64 40 2 -76 -38 -26 69 20 -85 -6 -40 -81 28 99 60 -21 69 11 50 74 26 -47 -57 -5 31 -97 78 -97 -12 84 73 -23 -88 60 -36 -25 -11 71 -64 84 42 -85 -54 -72 -41 -54 66 88 -51 1 -69 -38 -74 -5 -34 -36 -46 -63 40 -15 31 6 17 -82 -67 -28 -53 -58 91 -86 61 -1 48 -2 -16 7 31 62 -11 -51 -50 85 74 47 -92 -62 32 
-3 91 -98 7 -25 27 50 37 -20 100 -40 -4 31 76 13 -95 46 -80 -5 -86 34 57 -49 -9 -12 -70 91 -40 57 91 56 3 -55 -74 -50 -90 -94 15 6 43 65 31 27 47 43 9 64 5 -64 34 65 -51 19 63 46 -90 27 44 -73 -51 -90 2 -25 -52 59 -81 -72 -51 -52 62 -10 57 25 -62 41 -46 -37 -46 16 -28 -29 -54 -55 -38 73 -59 13 -53 96 81 80 -88 -59 -29 -33 78 -54 35 91 40 
-3 -93 -15 -54 -35 6 34 94 -10 -50 3 -52 -64 29 -27 -48 7 61 31 -72 97 -87 55 81 -91 -6 94 -59 -70 14 -7 0 -9 -22 -47 -62 11 -86 60 -100 97 -98 -52 -98 -78 -40 19 47 35 -55 -93 -85 8 -74 100 -98 -71 -9 -31 90 75 68 -63 24 90 -66 -74 -39 12 -14 39 57 -20 -14 -40 41 -19 66 -22 78 -84 100 -36 -78 -62 62 -45 34 -51 -88 61 28 83 -5 10 92 25 -13 -97 -92 
-94 62 -72 99 33 -79 -64 -60 -24 -92 88 -54 25 -47 -22 24 -61 57 32 87 2 -81 -5 -98 -31 -59 0 -71 84 59 74 -71 -55 25 -95 -43 61 -4 98 -36 -99 65 -81 -28 -95 -60 -57 -83 -15 -78 -48 92 79 -51 94 21 -95 52 -53 56 72 1 -4 -49 -4 93 -3 64 20 70 -100 -100 72 -8 32 -72 -50 5 67 60 -74 -3 29 64 -34 -76 84 -81 76 100 38 30 18 65 -85 -90 89 -69 -64 -78 
30 -30 66 68 73 16 67 -74 -58 98 -64 42 33 -94 -33 -75 49 21 -21 97 -41 -41 9 -19 -7 3 22 73 -78 16 6 65 35 59 -48 78 -10 -80 85 -100 62 -67 46 -70 10 -64 37 67 -72 53 -73 43 44 -90 85 12 -37 22 -69 -84 57 -77 -70 -63 42 -71 -75 28 30 20 68 82 61 -93 1 51 -5 83 65 45 64 -72 -52 -22 -74 34 -28 -83 -28 98 -93 -22 -82 -34 4 -56 -45 78 86 -22 
65 -92 89 14 -73 -61 -84 -100 20 -63 -44 -25 37 24 -8 40 61 12 -92 96 -69 51 -3 83 -1 -87 95 39 6 62 11 -4 -89 87 30 -75 39 24 -64 37 41 -38 -60 -56 93 -8 -34 -79 -25 68 -63 -23 -96 27 100 -1 59 68 86 100 -41 15 76 3 42 -2 83 39 31 -96 -61 23 -63 22 -85 -1 -45 -17 -73 17 29 70 5 -48 91 53 84 -64 99 69 39 94 -16 67 65 -51 -81 88 26 -62 
22 -37 24 -74 48 -100 -57 -38 -53 -80 82 94 66 -81 62 -52 -33 25 -38 -18 -73 98 32 88 -62 50 74 -6 -23 52 90 19 5 -34 50 51 88 -51 -58 45 38 -9 -51 -47 -10 67 -21 49 -74 27 0 73 29 -40 -7 -3 -87 55 20 -9 8 9 5 25 -70 -62 -44 -90 41 -42 88 -28 -87 -98 -81 83 74 -13 72 -79 -80 -13 85 -8 -29 100 -49 -9 -77 -85 -62 51 -20 14 -70 -98 -96 -78 -97 -32 
82 -20 -8 97 -73 41 -77 86 58 -32 -78 85 93 -52 61 0 85 45 -30 69 -99 32 -28 61 75 -23 23 37 -39 -55 55 -28 79 -95 -17 81 -10 -25 -86 -22 -43 -36 18 -71 41 -48 -67 56 18 44 3 -24 88 -56 55 -51 -40 -78 90 -83 -15 -70 86 -93 -7 -76 -64 30 17 1 -41 -19 -100 25 31 60 -35 -82 -52 -10 -88 -59 -13 -99 -40 62 -53 49 -16 16 91 71 -41 -18 -35 94 92 -92 95 85 
-77 16 43 -8 -28 -66 -51 71 -30 86 -35 72 10 37 -61 14 -92 18 58 10 63 6 -26 13 88 50 -21 -42 49 -94 -45 7 -48 -61 100 -32 91 63 50 -91 -6 34 -71 87 -73 64 -17 29 -87 -32 -75 41 -62 -55 -5 -13 97 -76 39 17 88 -15 -26 89 18 -70 46 80 -10 58 39 -80 -96 -15 23 63 25 70 -42 -2 -26 66 -84 52 63 -89 -62 -58 3 -10 81 7 32 32 24 86 -21 85 -91 16 
-11 -3 37 -40 -12 39 17 5 80 -70 -99 -65 94 32 -12 37 -53 73 72 79 -90 -87 60 98 -61 76 -58 -32 86 86 -32 72 -64 -37 -16 -93 -10 72 -91 -44 12 34 -10 6 50 -65 -85 -44 -13 -14 -67 0 -60 -39 -38 96 -93 -33 -43 -16 12 -80 41 -65 -56 94 -57 -31 -27 -14 43 -43 -46 -27 -93 -80 -20 -1 -57 18 19 -45 -99 56 88 -37 82 34 -45 22 -83 86 -7 -98 17 -56 -83 70 -56 25 
13 -35 72 -88 -88 -49 18 -80 -73 -77 -84 21 56 -23 -87 81 -81 15 -99 10 -43 -77 75 63 73 -99 34 65 64 31 -51 -59 -73 -83 -71 77 50 -4 3 -64 50 99 -100 82 -98 98 54 -24 -8 100 34 92 -95 46 94 -52 99 87 -48 -38 15 -13 -35 -32 92 65 38 18 -36 -37 91 12 67 21 -90 74 -32 29 81 -15 -31 -6 -83 20 -59 -51 19 98 16 -7 60 20 45 1 7 31 -72 81 69 -84 
-1 29 -54 50 7 52 6 35 62 -17 27 -86 -42 -76 -20 80 -53 -9 -58 -40 20 51 92 -39 12 18 -88 -35 12 3 88 -72 41 64 -89 91 -78 50 -47 -10 -16 -68 15 -46 8 -50 -9 -47 92 43 20 -73 88 43 32 61 69 -92 76 -6 10 93 -89 -49 -68 -7 81 62 72 -47 -95 -33 -16 -3 -47 -58 -99 17 -5 -31 37 60 -41 3 79 -92 70 -85 79 89 61 52 85 81 -79 -44 31 38 -86 26 
-75 -76 -79 -44 22 -76 64 -64 -33 30 -84 -6 -65 29 55 -48 14 -45 -5 -72 -82 75 38 -50 -86 -7 47 -46 28 80 89 65 -33 24 -36 30 70 15 -52 -87 -77 78 49 -86 -24 45 71 -60 -36 -98 -92 -47 90 98 22 -17 -46 -20 -35 51 -85 63 -11 -13 -78 71 -3 29 90 -69 -28 70 -71 2 87 41 52 87 -39 20 -29 33 28 -73 100 -51 -93 6 32 71 -41 3 34 -1 -10 66 40 -75 32 -68 
-84 -52 -41 -82 -44 19 -53 -57 91 77 79 -50 -2 94 40 77 62 -81 3 53 41 -51 -48 -82 -37 97 48 -71 -82 40 83 25 -78 -97 -84 -98 -3 -48 -67 63 -97 -7 -54 -56 20 72 24 38 -66 31 3 -5 49 27 34 -6 -76 -49 84 34 75 -1 72 -35 60 25 44 68 -63 -39 -58 5 -48 80 -59 58 11 8 19 46 63 -100 -67 18 97 -16 -92 40 -49 66 3 -69 -65 -21 76 -75 -21 39 15 -92 
5 -63 -25 45 -99 -99 24 34 11 -24 0 -74 -22 -77 -83 -42 79 -86 4 38 -66 62 -27 -74 73 -69 -60 -29 -64 -75 13 25 20 -84 95 75 -36 85 -69 -60 9 12 78 34 90 40 55 70 34 -99 15 45 -36 78 -12 56 -50 72 -85 -25 22 -90 -34 52 -89 6 -93 91 -95 -11 -65 -23 26 84 -10 -42 58 -34 30 92 65 24 -21 -23 -39 99 -17 -21 -34 -79 -81 59 -69 42 -64 -63 56 65 63 73 
92 46 95 -53 91 -96 -28 -49 36 11 35 48 45 -19 12 -80 -69 16 -33 60 -55 65 -32 69 22 -51 88 86 35 45 59 -12 70 66 -9 -54 -40 -51 68 -52 44 64 46 2 64 -72 -56 33 -22 39 34 50 38 42 5 -1 -33 99 83 -61 -94 -61 -46 -79 -50 41 -37 16 64 -35 -26 -55 99 -19 -64 -10 -18 30 -54 -68 93 47 16 -83 20 -61 -69 -20 -90 18 -83 -38 42 42 -6 -15 19 62 76 19 
88 56 -74 100 -91 -11 -57 3 -98 32 -37 54 78 66 -30 -65 100 -98 -30 31 -75 -76 -35 -39 42 -85 -76 94 -6 46 -1 -79 -53 14 76 91 23 59 -68 -16 -74 35 -5 24 -64 44 -2 -63 37 19 -11 90 95 -1 64 -21 -10 86 59 -2 -20 -61 56 66 -4 70 41 -91 -32 -63 11 58 19 -48 -64 40 -26 -72 50 22 -30 96 89 -93 -60 5 33 -35 42 -52 68 -87 -59 27 51 47 97 48 -98 -2 
-8 10 54 -94 -4 13 -69 -83 79 82 -78 -31 86 -10 39 52 -22 3 29 -74 17 -30 -91 4 7 -35 35 -72 -30 15 -89 17 -1 -26 -90 35 1 6 98 57 53 -8 1 -100 46 36 -92 -73 44 26 -71 -16 -88 74 22 -47 -43 -21 72 98 -31 47 55 -88 -49 -80 -89 73 -70 79 51 50 92 25 -74 -48 1 -99 21 -47 -100 -99 16 -88 -44 -61 87 64 11 3 -11 54 90 -87 49 -48 -24 16 -98 42 
50 -56 -70 32 71 6 6 86 69 34 29 95 -53 -69 26 -17 -22 47 47 5 91 -91 84 -58 -26 -13 -95 2 34 -55 -91 24 49 78 -41 73 -81 66 -17 -82 4 88 7 -28 -14 96 -13 -4 89 -85 -94 54 58 -20 -8 -85 95 -5 38 -37 75 -99 -90 16 -34 93 90 -88 12 -76 -31 13 35 -47 48 -41 -52 49 45 16 99 -95 -18 -72 -6 -52 65 -65 4 -14 55 63 30 36 -81 14 -59 -44 98 -87 
-96 76 -84 -87 -45 59 -82 84 -45 29 -67 78 -57 68 -51 69 93 -27 65 54 30 -86 -50 -82 8 -98 36 39 52 66 65 -32 -97 49 -32 -22 -78 -87 -49 -42 34 -9 7 24 -11 2 -57 -25 6 58 -83 88 24 -64 9 -95 35 -4 65 -48 -59 76 -15 -95 1 -58 64 83 -43 -67 -49 32 35 3 -7 -25 -78 -84 -39 -22 73 1 -68 -11 62 11 29 -61 89 62 38 -91 32 -90 -78 59 -8 4 -16 0 
-76 -64 -22 -88 80 -30 -72 -35 52 10 74 -15 -79 31 -53 -84 -25 -52 65 95 -61 3 -11 -31 -57 -18 86 98 -96 88 -100 88 -78 24 55 -33 67 -48 60 15 -3 14 77 77 35 74 93 -9 -8 36 58 -97 1 23 -48 7 -79 53 9 68 -83 68 52 -88 -67 99 29 8 -58 95 93 55 7 30 -40 92 -100 98 -2 64 -96 6 76 -92 25 65 -77 12 47 26 -13 69 80 72 38 1 44 -22 -98 99 
78 -21 -30 -100 68 63 90 62 -31 59 8 -69 65 -5 -10 74 -36 -52 27 -71 -24 -74 -6 -57 -83 4 22 68 63 69 23 64 99 -31 58 59 -87 -100 -54 -44 23 -65 92 -44 -41 54 -14 -30 94 -46 88 -86 66 67 -15 6 -82 46 89 -37 54 68 -89 -28 -95 -11 -9 -54 68 41 71 34 -51 -47 -17 -31 81 19 -60 -41 20 90 82 15 -82 87 93 47 30 26 64 -2 -81 -63 -75 33 90 -80 -67 42 
10 -92 -70 -84 -23 -72 56 -61 14 6 9 30 -87 -56 -90 41 -54 7 -99 -63 -31 -82 19 90 35 62 -7 -7 73 -61 27 -6 -27 -93 -52 44 -38 38 49 60 56 -47 -5 1 -30 -56 12 -32 -34 84 48 -87 -17 69 -39 86 1 -8 -45 48 -51 -59 33 -18 -25 99 -22 -43 81 84 -5 -37 22 52 84 -70 -23 8 -31 -75 -82 -100 80 -20 -22 -88 41 55 86 82 -62 -71 83 11 -51 35 50 -91 77 -40 
92 28 -98 15 49 93 -26 29 -69 -7 -80 62 -9 -88 -56 9 38 -45 100 -33 26 91 -72 9 3 55 86 34 -19 -3 18 27 -95 80 -92 -33 86 -14 -1 89 57 -56 -58 26 49 -70 -97 -72 62 32 -55 -37 90 96 50 -94 52 -54 86 -99 32 27 -66 -34 1 -2 -40 -36 -7 31 55 -20 -24 -77 64 23 60 -11 -5 -39 12 3 84 -49 71 -26 -27 16 -73 -54 34 80 85 16 -78 -58 -82 -12 79 -24 
-53 -47 -80 11 -37 -5 -98 85 94 -29 41 46 65 -97 21 60 -23 -93 49 100 -62 82 8 21 -48 -49 -37 -18 27 -22 62 71 71 -73 84 -65 -27 -41 -70 -19 99 -27 -26 81 -88 96 3 -90 -90 -53 5 63 -23 -94 18 -54 59 28 -20 57 -64 -41 70 9 -76 4 0 -75 50 50 -19 96 56 90 -86 78 -71 -36 -45 -85 16 82 -83 -70 -5 27 90 -3 16 -97 44 10 33 -27 58 -98 -5 17 -98 -56 
29 39 -85 -46 50 20 70 78 97 -44 75 -3 60 -9 -79 96 42 36 -2 88 -45 70 -95 93 44 -64 -15 -14 -21 -71 -38 65 -8 87 7 -7 -70 26 29 96 -26 59 100 92 94 -18 -46 56 44 27 60 38 69 -52 3 71 44 -51 1 -10 -77 64 74 -87 -47 -44 13 65 61 -44 -64 -39 89 -29 -14 -41 -52 -98 -20 67 -4 -87 -17 47 83 89 19 -77 7 -39 20 -69 -28 -89 -39 -46 83 -65 77 -84 
-34 37 -55 48 85 -38 41 33 8 -18 58 13 59 -19 -95 -31 -82 -33 19 -49 -56 -41 -24 75 72 72 -16 -73 23 -93 20 83 44 -27 -66 -70 -98 -21 53 39 70 -17 -14 -83 87 -26 -96 -47 -39 -19 -32 100 -39 71 -91 -84 8 19 -87 80 -9 36 -50 -34 -78 43 -35 -28 37 75 -56 24 50 43 -44 34 -38 13 17 63 34 -36 59 27 9 -43 -67 89 -13 -82 18 -29 -24 23 -98 -46 -20 19 -35 58 
-7 -95 -15 12 17 31 -38 -36 -46 -85 -54 18 25 26 -99 82 -84 25 -78 28 26 -16 21 29 -12 -80 -72 3 -88 8 58 11 -28 -36 70 -35 60 -8 -59 -49 -66 -83 -37 -81 99 -78 53 -65 80 -70 -64 40 -28 -29 -19 -97 49 18 93 92 18 22 -27 16 85 -28 -76 -10 -33 25 10 5 -73 60 92 -25 -74 -36 -75 21 -98 58 -94 -77 81 0 -70 10 -61 48 -46 -5 -2 -83 -80 -22 48 -77 -42 -42 
-84 82 54 -59 -58 50 80 59 -20 -26 -50 22 94 34 21 39 -64 46 86 44 -48 -85 94 53 48 99 76 54 57 9 11 -40 63 -54 -85 44 -16 -70 -65 46 76 -86 2 67 -90 -12 -37 -87 39 -20 83 -6 92 -78 5 96 89 -80 -24 27 61 57 64 91 93 8 88 93 33 64 -79 -48 48 25 -94 47 -41 -61 38 -12 77 -64 41 -11 -40 58 28 19 72 77 -40 -94 -99 -95 31 49 -19 -12 -26 -69 
16 78 -35 -35 52 -80 74 -71 -56 -88 83 -2 -40 -26 56 88 74 62 -4 66 12 36 -79 40 19 -24 -82 20 86 -95 -80 92 7 -2 -15 33 -83 28 -8 -86 -18 -11 -2 97 66 -53 -21 19 100 45 78 -19 -51 93 -21 24 81 15 25 20 -94 -23 -67 25 91 62 43 -100 -15 -64 -59 -98 -89 -63 75 5 94 -85 -61 37 -83 -43 -6 75 63 5 -61 84 -43 -35 85 96 38 3 -32 61 -67 -78 -58 -51 
65 21 -54 -62 58 -47 -91 14 39 62 2 -54 52 -64 -58 46 88 30 73 -33 32 -75 79 44 -77 41 51 -13 74 52 -21 35 -21 57 28 -78 94 77 22 -60 74 -53 72 -89 34 -7 26 54 46 20 57 11 -13 14 97 -24 68 -81 4 74 30 -70 -58 67 -32 38 -48 92 -48 -86 69 75 20 -50 90 -80 -49 -61 71 16 -41 -4 -78 -6 -56 64 -81 -71 17 -37 38 76 11 -91 -84 66 -38 -94 56 -91 
79 10 -19 -35 -3 27 -86 -71 31 79 73 -69 -69 54 -50 -31 41 -46 -25 -16 1 79 70 -5 -3 24 -28 -20 -24 -39 38 -75 -16 -96 2 -16 -96 53 -92 71 -74 -31 -65 -51 33 37 -96 82 19 -91 -81 60 -96 -84 85 -65 19 28 -31 -64 20 52 5 -33 -10 42 14 92 -77 83 -2 -10 -8 61 64 5 59 17 -97 -94 -55 -79 -95 11 -67 78 -79 76 49 47 38 -68 -65 4 0 29 3 -64 -48 73 
-76 54 -95 44 87 84 -89 -92 -3 -93 -64 -26 -67 17 14 66 -76 -86 -57 -85 -99 -44 42 34 -31 -30 76 12 87 -52 73 80 100 26 -54 61 3 61 -35 19 91 -22 34 4 96 82 -97 -95 5 -53 2 44 54 58 76 37 87 -78 57 48 -40 -68 53 -91 -41 -45 21 73 12 -72 -75 72 -9 36 22 -97 -79 -47 -59 -82 52 5 -32 -52 -5 -62 65 -32 79 36 -36 22 19 -84 80 -39 -44 75 46 18 
86 -88 74 19 -79 -99 -28 -20 60 -60 52 -15 -12 61 -83 43 30 -62 96 11 -50 -93 -2 -85 -1 -88 23 36 -30 -57 14 50 16 95 72 4 -6 59 86 97 -25 68 42 34 -11 -79 42 -63 -91 -84 -91 -99 -99 -76 -70 22 -29 -8 44 50 -46 -80 57 86 25 -31 41 34 -74 5 61 98 -41 -3 -86 33 28 -6 5 -68 -84 83 4 0 -18 -89 29 12 -39 51 14 59 82 -59 86 3 7 -7 -61 16 
-95 -62 -86 -93 33 -15 -69 -100 -42 66 72 -51 -74 -37 64 -92 -46 -52 -71 90 -32 -65 -81 10 29 -59 69 -64 -43 -27 10 -34 24 43 55 -15 -28 17 22 82 47 -93 53 -40 -92 -96 39 -7 -79 35 67 -97 46 71 -5 63 16 -22 32 -51 -15 -18 74 63 -68 -80 -3 97 -100 1 -35 10 -3 90 10 -36 31 -49 -92 -83 39 10 -13 -17 -76 -71 69 27 60 -28 32 -64 14 51 -90 -34 -57 25 48 12 
-97 45 25 -73 -98 17 36 76 -30 -68 84 45 -65 -82 -83 99 -51 -58 -15 12 -17 52 84 34 41 96 -85 2 23 -92 -89 41 -80 -96 36 11 49 8 -25 49 -81 -70 -91 -25 71 2 61 -2 -85 83 2 57 81 -23 82 -65 22 -25 -55 -99 68 -20 -86 -71 -78 14 -83 -20 40 45 -83 77 59 72 35 -58 44 91 -88 -45 65 62 52 97 -43 82 -5 -35 20 97 76 13 -34 -74 -69 33 47 68 -48 -34 
-1 -100 -1 -54 24 76 -39 -27 -83 98 58 -89 -12 -43 -53 -37 32 98 45 -56 -81 -37 74 -29 29 54 -18 -38 -44 -23 -85 11 96 95 -87 -46 -38 -91 -8 -25 -56 33 95 -33 95 -83 75 -48 -2 83 -28 -41 -63 -1 75 -62 11 -12 -88 26 45 -24 3 -32 -46 87 1 -46 -15 -43 -7 -55 -79 90 -54 -54 -68 -61 37 49 -73 51 -34 75 3 56 -85 48 86 69 74 73 -78 73 -44 51 -2 48 5 32 
-83 -100 -66 73 70 -47 6 -75 -37 24 20 -42 -55 32 17 -66 4 31 -44 -51 -70 74 -30 80 17 74 19 29 -61 -81 -68 -8 36 -81 -46 -49 63 7 -22 -35 70 -37 94 -39 -33 -35 59 -18 48 -34 100 13 -86 -9 -91 33 64 82 71 80 -76 -24 80 -34 0 32 -48 25 -77 -14 -82 -51 6 39 10 55 60 -23 -64 13 -26 61 -29 93 94 52 85 -82 97 -23 -81 -89 -54 -98 56 26 18 68 47 65 
79 -4 8 -32 -96 73 -38 -16 -44 -51 29 68 -98 4 29 -1 75 91 -19 -38 41 -81 -2 -48 -14 -87 99 -60 83 62 -70 -66 -77 -3 10 -13 39 34 48 20 52 -11 18 -74 -78 86 61 -95 -98 -9 93 -85 99 -99 59 -15 -16 49 -38 -83 72 -3 -72 81 6 -57 -93 -92 -79 67 76 -99 -68 -47 80 -10 -34 -78 67 -90 39 -8 -71 0 36 59 10 58 58 -77 -66 70 51 -88 95 39 84 -7 -82 27 
5 -81 14 -94 -56 54 39 -58 41 -82 3 96 26 18 17 65 38 -70 76 -28 -77 -32 -83 30 -23 -1 32 -55 -3 -100 9 63 -100 -77 55 51 -18 -21 18 8 57 -94 -10 38 -36 32 33 54 -43 41 27 88 -97 24 -26 -53 -63 65 77 -82 31 -76 18 17 58 66 -100 3 88 62 46 -100 -86 95 61 -39 -77 20 -19 -56 54 -75 -18 89 99 -74 -55 -44 -78 67 49 -77 -62 36 70 95 -71 63 16 -65 
16 -63 96 83 -74 -52 -69 16 21 34 -31 63 5 -94 -1 15 46 61 -44 -83 -79 17 11 62 -94 63 -53 91 67 -96 -57 97 -86 -37 -89 -65 78 15 -60 -95 31 -69 -18 38 38 55 -83 18 13 -15 0 -8 -45 87 -6 36 18 -26 0 -68 -44 65 23 -73 -98 -24 -94 100 -17 19 29 -30 59 37 68 -27 -81 -20 -40 -39 -65 88 29 7 -63 -80 46 -17 -96 -22 32 65 -41 57 -71 -96 22 -25 -5 40 
-19 -69 47 19 -42 -99 -53 -25 -40 -80 65 22 -46 25 -68 -51 82 -31 30 74 74 32 38 48 8 -55 62 -47 18 2 76 -38 -27 33 100 -92 -99 91 52 -93 87 -58 -54 -82 83 -88 72 5 -33 -76 26 -15 -45 20 11 -52 29 36 20 87 22 -47 -75 -4 -19 45 26 68 81 19 -16 -4 51 32 16 -48 -63 -40 66 -46 -56 29 -53 26 58 -75 -92 -72 -18 13 7 -3 78 -13 76 -70 -95 -95 66 20 
-7 -12 -19 45 4 37 -54 -59 84 24 58 -25 -67 -24 16 53 62 -57 -10 43 -48 47 -93 32 -65 13 -51 21 32 -53 4 68 3 89 -8 -41 39 70 -13 44 3 3 87 -70 92 -43 -21 -82 28 -17 65 97 24 -21 32 -64 -67 -54 -41 -71 83 70 -3 8 33 4 -46 93 -77 44 66 11 31 -81 5 -17 -99 29 10 -6 55 96 76 73 -25 85 87 -27 33 43 74 -39 -22 -6 10 -70 81 58 75 -90 
31 37 -40 -7 10 -18 22 30 -22 49 33 -94 -63 2 -88 47 -12 -34 39 27 88 -78 -5 52 -24 45 -7 60 8 -56 -85 -81 -63 -79 69 14 -25 -7 -31 -52 58 -59 -100 -70 80 31 -20 60 -77 -67 23 63 37 -12 10 75 -29 59 17 -42 29 12 -54 21 -16 61 30 -85 -29 32 -17 -93 45 -57 17 93 -29 -22 -47 -43 21 -60 34 -92 31 -47 39 59 87 29 -86 -86 -3 -55 -49 75 -39 -66 34 -81 
14 -49 85 -20 64 70 -10 64 -100 -6 40 -2 -67 12 94 17 95 92 96 -65 35 32 -69 78 -73 -28 -31 -90 55 68 -64 36 87 -28 85 -83 -28 56 44 15 77 36 58 -16 42 59 81 24 25 79 -93 84 85 -3 -28 90 44 100 84 52 68 -95 18 13 -60 57 -56 -63 -86 72 -58 -80 -28 35 -85 -100 95 -53 -58 47 -12 -3 -56 93 11 5 43 -88 83 43 72 83 32 -57 -47 17 -31 93 89 -91 
-1 56 60 -78 72 -100 6 75 -34 1 -31 99 62 22 36 -11 10 -25 -79 9 94 -44 -64 -100 60 -4 -76 -88 24 -29 -65 -37 13 95 -87 -64 74 -1 79 -8 29 19 -68 -58 96 -76 13 -11 6 15 -96 64 76 92 -42 -91 86 18 -20 -84 -90 21 -11 -30 -65 -31 -56 0 1 -1 -88 -56 55 -62 59 99 29 -74 65 62 -54 -54 32 -22 71 51 25 -3 41 60 85 43 39 57 12 -89 6 -56 -28 60 
-34 -67 90 -28 -59 7 -54 74 -45 44 -34 12 65 3 -65 56 -96 -1 23 -93 -95 -91 -100 -55 55 -74 -86 -57 -35 -34 4 -76 0 -69 72 -33 -3 88 -59 -56 -94 -57 -67 -71 -92 -96 -89 -90 -35 63 -51 75 -14 -11 -23 51 -25 68 -67 86 44 -65 32 68 96 42 52 26 44 -83 19 -25 -59 87 -73 0 69 83 81 67 6 61 56 30 -44 69 -56 -16 -58 -42 77 -87 92 -93 -73 21 -50 -70 44 50 
43 -36 -66 -100 -46 -87 85 97 -5 26 -13 95 51 -36 65 0 -38 59 60 -67 -59 -57 20 -64 24 -80 -56 43 -78 -29 35 -4 -6 -88 -100 -74 -54 46 25 24 -88 -38 -57 17 27 -33 20 -6 -29 9 -56 18 53 -32 79 18 93 40 -19 76 -25 1 81 95 32 86 5 63 -87 27 -53 57 3 -2 38 -16 9 23 40 -67 23 -13 -84 48 87 5 -24 30 -86 -27 -1 -31 53 -61 13 40 81 66 27 -81 
77 -20 -12 -14 -51 65 -29 -95 -8 -46 -82 -43 -22 -5 97 -35 88 43 61 -25 -11 -13 -69 -2 40 -35 95 -17 -26 51 -20 40 -98 -99 90 25 29 18 59 31 -35 56 38 59 -57 34 66 70 -55 -99 -31 -91 46 -85 -64 6 32 66 40 16 -23 -86 -21 86 46 -18 -21 -58 9 15 -86 -34 -48 -36 -54 30 79 80 -72 -45 -53 33 -33 16 63 20 80 95 -23 44 -70 68 -23 14 -56 -8 77 72 83 65 
-19 -55 49 60 27 18 -23 -80 -84 -34 6 -61 78 -11 25 -20 35 65 -26 -15 -35 -79 65 10 18 28 -35 -47 31 63 33 -14 80 -84 -35 62 -58 27 53 34 -23 37 -5 -11 62 10 -18 -37 76 90 -17 -73 80 -6 -36 -90 -89 59 -35 -47 35 -18 83 29 -79 21 96 52 -92 -97 -73 -17 50 -78 24 6 38 -75 -58 -84 -91 52 8 -24 99 45 -31 -91 38 37 30 88 -24 46 -3 -76 -21 -11 -60 -75 
-7 33 74 -29 48 92 -7 -63 -43 -57 62 90 -38 -4 88 -77 63 60 -24 -31 -55 -14 32 97 27 57 -81 86 -20 35 9 -86 -74 74 96 -64 87 49 -99 25 98 25 5 -6 50 36 79 19 -77 -100 17 -10 51 -40 72 -38 47 53 79 89 29 48 -87 -84 -83 -59 52 31 94 -95 -99 -91 1 -67 64 29 -91 -68 -69 64 31 14 -50 86 -100 73 50 -52 6 -97 -29 84 47 35 33 -39 -85 -63 32 -44 
29 25 -11 -72 -75 66 -50 -48 85 -50 98 -47 -69 52 91 -10 -70 37 72 -4 -55 -99 14 87 71 80 11 -22 -99 46 -44 -15 80 -1 58 92 -87 100 80 0 -63 79 -32 -57 -97 -6 7 -81 -88 -58 -96 -83 -65 -27 -40 66 -13 -42 -5 -6 -12 91 75 96 29 -24 -49 74 -55 -50 51 -43 10 78 -21 78 -56 -72 -22 -38 -77 45 19 79 -37 -98 21 10 3 -32 -58 -71 86 -97 -72 18 62 95 -48 2 
-45 -28 -24 58 -62 -76 38 57 -5 18 -19 -66 73 -90 33 -28 -17 -54 -72 -67 -56 41 13 7 -77 95 45 48 -63 -88 -51 53 58 5 67 23 53 -7 74 11 68 -66 88 -31 -37 32 10 -2 97 28 -41 -98 -94 51 -93 25 -31 34 69 18 62 32 -25 -46 -47 -57 41 53 26 16 -26 -66 -38 -19 66 -17 -62 1 21 -6 -16 59 41 -27 65 -20 8 56 -39 1 -86 50 -37 -68 28 -58 -25 -88 95 -13 
62 22 -86 66 -66 68 13 73 22 8 25 0 -28 -24 62 -9 23 -22 3 -9 -83 33 28 -57 -14 -97 -66 -12 -5 12 -68 -96 8 30 35 -10 83 24 34 10 18 -49 -26 37 -16 29 -11 58 -48 -10 -28 -38 37 82 -36 -85 -33 -74 3 -47 81 -96 -31 18 23 -52 6 43 76 -37 -2 88 39 -21 48 -37 -94 -17 -87 74 -16 -51 -11 -37 -7 -21 48 -38 -95 59 65 38 -38 -89 9 97 -29 -87 -76 88 
-34 75 6 -40 -20 -93 -77 5 43 -97 -99 94 -18 4 74 -4 -80 -31 48 76 73 59 -73 -87 79 -5 -53 82 16 51 83 91 96 -62 -12 -35 38 63 -98 -97 -84 83 52 -26 -74 73 93 -56 -91 -40 73 69 41 -82 -72 44 -35 -90 89 -59 99 -30 -19 -12 34 99 -17 92 -57 64 57 -13 -47 20 -26 -21 76 31 -76 -45 88 43 -38 65 57 -13 -47 80 89 -36 81 53 -77 41 -91 -50 -40 -93 2 -99 
23 -34 -43 -72 14 -50 -57 -54 17 10 -69 -30 39 85 -32 -58 -36 -63 10 57 86 68 -88 -36 -6 -65 -37 68 -80 -63 61 91 -76 -10 6 62 32 -56 -8 8 -20 39 -81 13 -9 71 -95 -8 -45 4 24 33 16 -25 21 40 -4 -71 -82 -48 70 -84 71 -27 -70 56 25 -22 12 -71 -72 65 -48 -18 24 56 -46 -9 5 -67 -66 -83 28 25 45 -80 72 98 7 -92 14 -2 60 -78 20 47 79 -47 23 70 
29 -21 -63 13 69 49 79 -13 -12 32 -55 8 -49 -67 63 72 44 95 57 -70 60 81 75 -33 -88 20 16 -14 4 88 91 19 -72 47 -56 -86 29 -57 -78 22 71 74 72 -57 -81 -28 -90 -8 -95 -39 -49 -72 -5 75 48 44 29 0 -51 7 -91 -97 57 -59 29 -99 -26 -50 14 -78 -65 32 75 -37 -89 7 -64 -38 -90 36 9 -9 49 -2 -53 -41 -1 46 -50 -6 -31 42 67 -22 52 -28 -7 -97 -4 -74 
53 83 67 60 41 66 30 72 99 -98 -69 -61 -24 -42 50 -52 -67 90 7 -64 98 34 17 -91 -36 64 70 -61 59 -27 -3 6 -88 37 93 50 56 15 -36 -49 18 81 -95 -30 1 -57 61 -5 -48 63 -42 63 -75 -56 97 83 -67 -83 26 71 -83 -60 63 24 -100 -70 -63 -89 -64 -94 -5 22 -20 16 -25 50 -45 25 -67 -37 1 22 -60 -63 -19 11 -18 75 83 -36 -10 50 -6 42 23 55 71 -59 -11 32 
-2 54 -20 73 2 -8 35 -18 -100 37 -69 49 -1 -35 19 61 -86 89 -94 -1 -38 -90 33 -74 -5 37 -57 67 95 -27 77 52 24 -79 56 -23 -40 -69 -63 -63 62 -88 2 81 26 -14 -48 -18 84 57 -12 28 17 -59 87 -38 35 -19 -13 3 -83 -15 -43 -65 70 -68 -89 -26 23 42 73 19 97 32 -40 -24 -49 52 -99 -41 9 61 -49 92 -92 -48 83 11 88 80 -86 -97 -97 -2 -97 48 -80 44 41 55 
80 -46 -23 5 -76 -19 41 91 -21 48 77 -91 3 -63 -66 -17 -56 65 87 -46 93 72 -3 42 69 -88 -87 -82 61 -65 -7 77 6 94 -8 27 60 43 92 17 72 18 -10 -37 -43 13 -20 96 -97 -12 -65 -20 -97 97 23 86 -67 -7 88 68 81 61 46 2 -88 18 88 -7 9 63 7 -40 9 35 -79 -94 -100 82 -94 -1 -55 69 33 -76 -71 -36 -86 -43 -16 -87 42 -93 85 -99 62 -90 74 76 41 -54 
-76 25 93 52 19 43 -44 86 12 63 -31 -25 -21 -62 4 -81 70 -44 49 -28 47 -42 -34 69 -71 51 67 -45 85 88 23 -32 -99 85 18 -83 100 3 -97 24 -24 -74 94 -99 54 -86 96 -65 -39 65 79 6 98 -56 -11 -75 76 -99 56 -63 -93 -20 -15 86 -95 31 -45 11 -86 -7 -13 -70 -19 -65 7 -1 25 30 81 -96 -98 75 59 -22 -69 52 -97 -68 18 26 80 48 -25 60 5 81 81 -93 79 49 
-14 37 -67 98 -59 -64 67 35 -66 -53 51 19 78 -72 35 -93 -98 -71 -5 -91 93 -19 -70 56 59 66 -86 -30 23 62 34 -95 100 -84 62 17 95 -32 -93 -91 -18 -58 41 66 18 -63 -4 -6 -89 -22 -10 -79 -77 -49 50 41 -80 45 -8 11 34 69 21 58 -69 77 -49 83 -3 -52 -79 40 69 71 43 -18 21 -20 -71 -80 -24 -38 -5 -16 42 44 15 27 -34 42 -63 -93 3 -97 -38 58 -69 13 -2 49 
82 81 45 13 -100 98 91 -94 3 -86 -56 -17 -79 -48 44 86 -35 79 -2 -15 -83 -75 -64 79 16 -91 -17 30 31 -7 -95 93 90 -83 -36 9 100 24 -56 -71 53 6 -91 45 -52 -57 -46 87 98 20 2 -61 -22 3 -64 -93 69 68 86 58 24 39 -69 4 20 9 24 13 31 -59 42 -71 -30 22 0 14 53 -56 -28 -15 38 -46 46 74 71 29 94 -29 -14 -62 -26 -52 1 56 -36 89 93 25 35 -10 
-93 84 -1 -45 11 21 65 3 28 -67 54 41 -94 56 -65 43 -77 76 -96 15 -21 69 -89 -25 49 21 86 -65 13 -7 -88 -47 -75 70 -19 67 69 -31 54 -35 29 70 28 39 45 5 67 3 64 51 4 28 42 83 -47 -68 100 28 92 76 15 10 1 -55 6 45 -68 -49 -97 8 -36 -63 -3 -19 11 -3 -68 86 38 -36 78 -2 21 91 -50 36 7 66 68 -73 36 50 -23 46 -72 -51 32 68 64 -61 
89 47 6 -39 9 61 -69 11 -58 -36 68 -64 62 -18 1 83 20 -81 -51 70 -35 23 34 36 -58 84 -28 -53 90 23 1 61 -24 -39 71 78 -7 -2 -33 -16 -62 -51 -93 -18 89 88 46 -75 -27 9 84 54 -12 24 32 -45 55 41 17 -5 -52 7 -76 -73 -95 14 -18 82 -48 5 37 70 69 69 -75 -72 -58 -75 72 58 22 14 46 99 80 27 21 -83 -71 -11 96 -1 53 -81 76 80 -30 -17 0 90 
-65 -88 -41 99 87 88 -88 -70 -10 66 31 87 29 98 -79 -68 29 83 -16 -40 -4 -82 -63 88 95 -65 -100 -20 -81 88 -42 57 -28 5 3 46 42 -20 17 -51 -75 -53 12 86 -51 39 56 -20 94 90 -13 -94 -51 79 61 -95 66 -67 53 40 63 -87 -53 53 27 -81 8 -100 42 67 -99 63 10 -30 58 -57 61 7 19 58 9 -85 -51 -42 34 -31 -99 -61 -38 74 90 -21 -11 -43 -71 -95 48 -54 -34 14 
18 40 63 17 35 25 73 -51 85 36 -77 36 -27 -41 -58 15 -38 65 91 60 82 -2 -64 -85 -56 -68 -7 69 -27 -78 19 -39 86 67 91 -50 17 -37 22 44 22 20 -39 99 -96 -72 15 81 24 -28 -72 43 68 -23 -84 -28 -74 -36 -70 -83 80 37 -70 49 98 -91 -76 21 93 72 -17 24 -32 49 65 93 65 -79 -19 -33 60 -32 -63 -13 89 24 -97 46 93 39 -16 -19 62 43 -57 46 -93 -68 36 57 
47 -24 -70 68 19 -28 2 44 14 -29 -57 -92 92 -38 32 -68 17 -38 -69 -1 82 -40 20 -62 -71 52 40 -98 -24 -50 -96 81 97 50 -72 -91 52 -49 -17 -15 -72 -45 66 -6 87 -28 -80 44 53 30 -91 67 -9 30 -40 2 -40 87 64 70 -24 -78 -60 -31 93 98 -64 -80 -88 74 51 15 2 85 96 26 49 -48 60 23 21 22 -38 16 24 26 37 -61 -83 59 60 80 -87 41 -55 84 -81 41 -23 56 
-50 -98 7 -29 -98 -79 74 14 -16 -48 -64 -95 -14 85 77 -87 12 44 -59 -32 54 -27 -74 1 31 64 4 5 -35 -64 -85 -37 48 -95 -83 57 74 -95 -65 65 -33 3 39 -56 81 67 14 -76 -75 -48 8 59 44 0 -45 0 95 15 57 2 12 8 -6 -47 -65 81 -49 -75 11 79 69 -50 14 -70 -43 31 -58 -82 78 37 -95 59 10 37 85 -16 -8 -67 -32 -89 -12 -50 67 -91 -88 66 8 -60 86 29 
87 -36 16 -85 -20 -95 99 34 64 0 11 -7 -88 -40 32 -46 -38 -97 27 -29 35 -25 92 -39 98 0 9 60 -93 -3 45 -26 63 -71 -40 -61 -8 9 63 71 27 -37 -65 -39 -32 12 88 100 4 40 -8 61 75 33 -16 90 97 75 44 28 65 14 50 76 24 5 77 -67 74 -93 73 -7 -99 5 8 -93 3 7 26 -100 -95 -4 58 -98 -82 -63 29 -1 11 4 -2 95 57 18 33 -53 -70 68 -8 -85 
