39 6 17 64 84 -43 6 53 -66 -40 51 -62 53 -62 63 -68 -34 97 -3 62 50 -72 70 -65 86 -16 60 -12 -66 12 -86 87 -30 -12 19 46 90 6 -83 12 -41 89 37 77 34 -64 -33 -32 83 49 -1 -91 21 2 1 56 16 21 15 -57 -70 90 26 52 -48 -73 61 -66 72 58 -15 16 2 47 99 61 1 23 30 -91 -95 99 -60 -80 -45 60 76 -62 -88 19 45 50 82 89 -48 48 89 5 -84 -40 
-2 -93 -5 -54 -46 65 -13 -16 10 45 -96 -81 -53 -86 57 97 54 93 65 -63 -39 -36 93 -96 30 64 88 -16 -40 98 75 -40 -27 33 55 53 -61 -73 84 4 -68 -57 15 -1 -98 79 -21 4 93 -39 -5 60 58 -5 19 25 -33 58 -7 54 50 62 -29 85 58 87 -1 -78 -34 37 -37 81 38 45 -73 -61 -89 -39 -53 40 51 -35 -2 -37 66 -22 57 81 1 -31 82 61 59 -55 92 0 -1 33 -49 7 
-52 -71 77 0 24 -76 -41 -62 -92 4 -39 8 -38 -50 -20 -77 -29 65 79 97 -20 -5 -10 46 -40 22 -77 -41 -50 93 78 -99 63 -52 -91 62 -85 -51 -89 91 89 -65 -19 63 -61 19 27 -77 27 -60 -80 -33 -34 -69 -13 20 -13 45 98 35 42 100 2 12 -60 62 -89 -37 1 -35 55 3 -16 27 17 10 -15 -33 93 6 60 15 -29 -63 -77 97 62 -6 -97 51 -18 -45 -3 96 -5 -98 38 66 10 75 
-54 50 73 5 36 74 93 88 -35 -23 -9 91 -57 -20 87 -7 -39 -85 -67 13 90 -40 62 -71 -85 -1 -25 -30 -58 41 -15 -98 40 -34 -61 98 -61 59 22 -22 -33 8 36 63 -86 57 77 17 39 -33 -27 91 8 76 7 -29 82 -25 43 -61 -4 -36 85 -44 -56 26 89 0 -93 -99 73 -62 83 16 14 38 -63 -11 -86 81 74 -46 -98 -48 -79 14 73 39 92 -56 -34 -71 64 -87 10 62 -44 56 -11 15 
-69 -96 6 -4 -51 -48 -28 -50 48 -70 -25 -42 -84 -71 48 -69 39 48 86 -95 56 -22 53 61 39 46 -18 54 12 -50 -50 49 -20 30 51 -39 -48 -82 50 -57 -22 -90 75 -20 8 -52 -20 35 -40 -37 -42 21 -21 98 -1 -49 -78 -84 -10 -93 -11 70 8 80 -62 99 11 -12 -84 -15 -66 -12 -36 50 92 66 -15 -50 -94 -89 78 -14 61 -63 49 13 -34 -45 67 18 -89 58 -99 35 -30 3 -75 -54 -16 0 
76 30 27 -17 -79 -13 63 -25 -9 -65 28 -77 35 85 -90 -30 -68 -14 98 13 -75 -9 39 91 59 -23 -20 -19 -36 -4 78 -34 17 83 26 -97 -64 68 99 89 58 -63 -73 26 52 -96 -47 56 2 76 -20 60 78 92 87 50 14 -18 -83 93 -87 -49 -12 29 14 81 -46 73 68 -82 -10 61 69 -91 0 -71 48 -74 1 65 58 -21 47 86 38 -90 -73 89 -48 53 17 -78 -93 -46 0 -11 -42 -11 -64 38 
46 -22 69 -20 -55 -75 -31 58 15 60 48 -67 20 0 21 -29 89 32 -66 64 78 44 74 -78 -15 28 -51 81 -91 -73 -46 55 77 62 -73 94 -84 -42 -51 29 -6 -77 47 30 -70 28 3 13 75 45 71 93 48 44 -84 9 -10 32 -83 0 -100 23 -58 -21 84 -61 -23 -32 -52 -5 35 -54 -74 -9 -91 -10 32 -56 -84 -56 26 44 -57 -10 55 -30 -29 60 -53 -6 0 61 -21 -14 -1 -66 -5 34 72 24 
-35 21 -60 61 4 48 30 -88 5 -63 48 -93 20 92 63 -97 -73 -11 100 -47 -27 -42 76 -34 68 67 69 -41 -13 -37 -98 -35 90 11 -5 -44 -80 81 -40 -77 -66 -97 91 40 -95 -44 -71 -34 -84 46 8 85 35 -37 5 -7 56 -9 -65 26 -24 71 -68 10 37 -53 93 -98 11 83 -50 -43 -39 -100 22 -96 96 -57 85 -38 -26 -47 -42 44 -68 -18 77 74 -76 95 -72 63 -46 56 100 -85 97 98 68 -33 
36 -82 24 -13 -68 43 27 66 10 89 -40 -83 -96 -67 46 4 -88 86 98 -64 -23 8 71 -38 -4 5 -75 40 91 64 85 -25 86 -29 -45 26 25 -92 31 77 -85 22 -2 71 -6 -58 30 -1 -30 -9 -3 11 -52 29 96 94 -92 51 -39 41 96 2 12 -28 1 -31 -3 -34 50 -97 -4 -63 34 80 52 18 -76 -1 19 35 56 45 -31 43 7 91 62 -72 77 31 -5 52 96 12 26 16 62 56 -63 -55 
80 -20 -61 79 -27 -70 20 -61 -70 58 -22 44 -51 -52 -21 -13 26 -42 11 -96 56 60 96 -90 71 89 -71 5 -82 70 -27 -31 -51 -19 -94 77 93 -88 -65 22 -69 8 46 16 -14 52 -58 -4 -64 -22 -34 16 -63 -33 -63 -52 95 -51 18 11 -57 -13 90 78 -21 -63 -60 64 15 34 82 -49 53 53 -4 56 -72 -96 -49 -26 -93 18 54 43 72 86 -38 2 -56 42 8 -62 -33 23 4 34 50 -29 21 -17 
-99 81 -44 43 39 19 -81 14 66 61 96 -45 -33 -91 -61 7 94 -99 8 75 19 -46 84 -84 100 86 58 76 81 29 75 69 -68 24 78 -55 -70 -32 89 -6 -26 94 -41 57 -70 59 3 70 16 -69 11 85 -86 -69 -67 -54 17 -1 -68 14 -37 15 -52 -42 -38 9 25 73 18 88 92 29 -82 90 4 -52 15 91 27 12 98 -99 43 -99 -17 -77 46 98 8 83 -85 91 91 -62 -5 90 -38 -35 100 45 
3 91 43 -58 66 99 4 90 96 -2 -28 -32 -85 -49 -55 70 -21 -73 94 -97 -78 6 9 -13 7 99 -23 51 -25 -17 17 -4 -67 65 37 85 -15 10 23 93 -80 88 47 -70 -70 -17 -46 25 -91 49 51 22 99 -52 75 -70 25 -37 -6 19 35 -80 -92 -67 -50 73 46 31 -4 5 68 -74 93 74 59 -55 83 -91 -18 85 -40 -68 -27 -80 38 -90 6 52 -78 -100 -82 -5 -54 68 41 -12 -79 -68 92 27 
47 -10 -26 -47 39 -54 53 47 44 66 9 26 -48 22 96 74 45 41 98 83 24 -72 -36 -87 -75 53 85 -51 -84 -17 61 -53 96 -69 88 93 62 19 -53 11 33 72 71 -16 49 -53 -1 -52 -99 -24 -77 -66 84 -20 12 62 -91 -57 61 -10 -73 -72 17 17 18 -35 2 21 -71 57 63 -63 -52 92 -44 -44 -63 55 87 -26 -17 11 -100 27 -52 -56 24 74 79 -16 8 -54 66 26 -87 -19 -84 64 -64 66 
92 -100 11 -27 60 36 -50 -86 98 85 -54 37 48 -94 -10 94 -13 -14 29 -42 -25 -47 -49 92 -84 -6 73 9 -69 36 -36 -60 -94 -54 -43 -87 21 21 80 22 55 -6 -66 -48 48 13 -35 94 93 31 45 15 92 -9 44 74 -65 47 64 34 -75 5 -65 -36 21 0 -86 -12 -82 -16 -28 -17 -56 16 -96 -90 -31 -30 33 -71 -20 22 -34 5 -70 -38 58 70 4 -100 38 21 19 68 -92 -56 16 -35 -56 43 
23 -1 -31 68 -39 85 65 51 37 -65 -87 16 -81 -60 -51 68 82 34 56 94 -56 27 51 -14 58 -100 83 79 84 -83 -74 -54 -98 -47 -42 -9 -4 -9 -32 38 -22 -64 -91 50 51 -14 98 -84 70 51 68 69 -93 19 -57 91 -1 -23 -89 64 1 35 -53 -81 -84 -79 -68 9 96 78 -15 -22 14 -9 -18 2 58 -22 52 -75 -27 56 31 -56 -81 26 70 80 -69 -49 6 29 -67 -49 -25 24 -42 28 -73 -11 
83 -17 -16 -79 -22 98 -98 12 -52 38 -66 -16 50 85 -83 -55 -89 22 -74 -34 -91 89 62 -67 -57 3 22 81 -44 -3 29 -9 82 -32 98 -23 -53 -66 -44 -32 -8 6 4 -6 -61 -71 10 -3 29 5 86 95 96 -55 32 -76 48 87 66 27 -50 81 94 13 51 30 8 18 -48 15 10 -23 94 -20 75 30 -29 -93 94 31 3 42 -98 26 -60 31 72 -62 -19 63 -49 -27 35 72 24 47 16 -45 21 15 
14 41 -21 0 96 25 -91 -59 -22 4 -83 57 -88 -76 -11 -81 85 -63 31 76 -20 -25 -58 -39 7 66 -77 -10 -48 39 -8 -30 -59 2 67 58 -53 -72 26 55 -61 -57 35 58 55 66 -20 -3 38 -26 85 -28 40 -74 4 59 75 87 68 23 89 72 -10 -23 82 10 -13 22 -36 94 -3 -92 -98 36 -73 5 71 -94 61 24 80 46 30 70 100 10 8 -34 72 -34 -6 33 -14 76 -64 -89 -9 44 -38 84 
94 -67 -2 4 -49 -86 4 3 -4 34 57 -68 38 -15 42 -92 -11 -28 -79 32 -19 43 17 33 86 -25 -84 -59 53 75 72 59 -91 -91 70 -30 -33 -75 89 46 -91 -47 34 1 -72 -14 68 28 24 -80 44 69 40 76 66 -12 46 -31 38 60 -30 18 -64 -65 -2 51 78 -44 -44 15 -42 55 -11 74 46 -21 -12 11 -39 -32 -66 57 -72 1 19 -20 -65 12 42 -44 -10 -55 81 -22 -97 99 66 -82 -57 -12 
-37 -45 2 90 -36 66 4 -73 -4 -63 22 -57 74 83 18 30 97 -33 86 -53 -91 16 55 -18 7 16 75 29 93 51 5 2 -86 -7 59 62 13 -10 -93 18 -65 94 -80 -54 51 -29 -46 -16 43 -73 29 -11 8 -22 -8 95 -3 91 -75 51 16 79 -85 93 -100 97 -30 -91 -61 30 -31 -27 34 72 -45 20 88 -40 -47 -100 -15 5 93 -4 -3 76 67 23 72 89 -46 -54 -60 -59 35 -93 16 -67 -7 74 
62 90 75 -9 3 -73 48 59 43 20 -13 27 81 -12 33 63 84 -84 82 -96 -46 96 -98 -37 -64 -65 -71 -8 -16 94 -17 -15 65 81 -48 -10 67 55 64 51 7 -29 -80 73 -23 -72 -35 81 36 16 -91 -38 -69 54 -59 -95 -63 37 59 64 -90 21 50 -94 16 -34 -81 -77 100 76 52 10 97 9 -73 -37 -11 20 35 27 -16 -12 21 -98 -6 17 95 -6 59 -92 -75 -46 -56 51 -9 22 80 -15 51 -47 
45 34 25 65 94 91 27 -10 48 -10 -72 -27 -42 -6 38 -21 83 -65 74 -61 52 -86 -77 -58 -20 -44 9 -100 -31 -51 -28 -68 -26 -99 -3 56 0 -26 81 65 96 37 -72 45 -82 7 -77 -47 10 37 -51 72 -18 -37 -24 27 -58 -19 -47 -29 -58 64 53 0 -93 -93 90 100 1 -73 -66 -56 42 22 64 66 51 -40 91 -37 37 43 -3 -30 21 32 2 -62 -59 -44 -72 90 -54 -30 71 -41 -72 89 28 -56 
-61 63 -59 19 62 97 98 -76 62 -71 -89 19 -5 -93 14 65 96 56 29 -90 -64 96 44 91 -92 -80 -82 46 78 -55 -73 -7 30 -10 -96 81 19 64 -2 96 -41 -62 10 7 -28 2 59 -26 -36 64 64 39 -43 7 -96 -66 -21 16 77 47 -51 -29 49 84 -84 -5 -24 -90 90 30 -99 -12 1 71 61 -26 -95 -53 -72 12 15 80 -62 85 -76 8 -1 -58 85 -12 55 49 -84 71 57 12 -22 -95 -16 44 
-87 -71 -4 70 92 -8 19 -73 7 -88 54 95 20 -38 -73 25 54 22 4 -72 -87 65 -38 -86 -61 61 -93 87 -24 -24 -57 -83 59 -61 56 39 55 28 -87 66 -75 74 69 -94 -13 20 -69 2 54 -92 64 -62 80 -75 -47 33 92 -65 72 -96 -30 71 45 -100 -62 -73 37 2 -74 54 -100 26 -89 -12 -80 51 25 -81 -62 -82 27 -40 -21 24 -64 -32 85 92 -69 69 38 10 60 49 11 38 91 52 -27 -73 
97 28 -44 38 -33 -97 -95 -33 55 45 -14 58 -36 -39 -64 97 37 95 14 59 1 -68 47 44 28 36 64 94 46 -85 -39 48 -59 87 -77 -2 86 -76 -29 96 49 10 -36 57 -4 37 22 -41 -5 -67 -94 81 54 -58 -68 -51 10 -44 46 38 11 88 -100 -59 -12 91 -45 -68 34 -54 21 77 91 -41 68 61 -66 85 -97 -70 -84 -76 22 -77 97 99 70 26 -29 -68 15 -10 76 71 -34 77 98 -63 -79 -47 
99 35 12 56 22 76 -8 80 -5 47 -5 -70 -48 9 77 -84 -22 -15 36 20 -19 -99 -91 -25 -1 84 48 81 9 8 46 -79 -77 29 89 47 -31 -34 34 32 28 84 91 -19 25 -53 68 -56 25 -81 -15 94 -60 9 34 -97 -61 86 94 -99 59 -22 84 70 85 -2 -26 -97 -70 83 -93 85 -54 94 -30 13 -91 7 -64 -47 52 40 -21 45 62 -90 -93 31 55 79 49 11 -49 19 55 9 5 42 15 -73 
44 84 30 -46 -64 68 47 32 98 -73 -14 -48 -70 -84 -63 38 -14 91 100 -77 -82 -62 -3 -18 -3 -3 -76 48 -84 -55 -93 25 -64 58 6 -52 -65 -44 7 -61 -87 68 61 63 -24 30 -65 9 29 -32 54 -4 3 -63 -36 27 13 1 74 -77 34 94 -27 61 52 20 -67 45 -24 -56 -19 -59 55 -82 -11 -89 -23 1 -42 -72 17 -39 -13 93 1 -65 14 48 27 -79 -23 -47 26 87 61 -85 -23 -54 20 -44 
72 86 -18 18 33 -83 40 -68 30 -90 28 16 25 36 55 84 -10 -49 -63 38 67 -80 60 -7 56 -26 47 -61 39 -72 -21 -75 -29 -35 -90 -14 68 94 77 -36 45 92 53 82 -58 96 -82 -70 3 -66 -65 51 -84 -77 65 23 -7 -71 34 -45 -23 66 -17 58 4 -21 -33 94 -41 93 31 49 32 -54 38 -100 8 3 -35 31 55 -37 45 43 78 -86 -1 60 4 -42 -42 25 -90 -32 95 69 -50 61 -40 -68 
-46 0 1 56 14 28 -98 12 -11 -14 9 27 -4 -14 -21 27 -67 -100 76 -80 4 11 -19 93 -6 51 67 75 -70 -57 -55 16 65 73 98 -78 -88 78 5 -10 -40 6 54 75 -40 16 -31 -9 -59 -62 -74 -69 -49 -1 -43 -69 94 -55 35 -20 96 -1 32 98 -95 -85 17 -55 23 -91 -22 95 -77 -98 2 -17 36 -37 64 42 -92 42 60 -95 98 62 45 12 76 -58 51 -16 35 34 76 18 35 68 23 77 
68 80 -39 60 -4 -36 -34 -25 -38 47 10 -31 26 -11 96 -19 -51 -95 12 -70 -20 -8 14 95 6 18 34 -25 -37 79 -57 -43 66 17 84 89 -42 -58 -86 95 -20 -61 47 7 -13 -64 97 77 17 -16 -57 -100 46 93 24 -19 63 -54 -31 27 -62 59 -1 -34 76 16 -4 25 100 79 -62 25 -87 41 75 -80 96 -94 26 59 -16 -2 -69 -15 -68 -87 -34 97 86 -70 6 5 -43 -26 -30 97 -28 88 79 5 
-19 -19 76 -38 92 99 90 -33 -20 15 71 67 -89 -58 -8 20 8 68 -3 73 -97 33 -74 13 -19 16 15 -24 66 17 -22 71 74 -94 -74 14 74 -38 92 -3 -100 -91 -53 41 79 0 18 24 28 -75 -28 32 -41 -34 -11 59 46 0 88 -31 -21 76 84 11 -95 43 85 -48 -21 -72 -83 63 0 35 -55 -42 22 94 59 -39 59 -39 -65 48 -89 -42 78 51 80 9 48 16 25 25 56 -24 -15 -47 39 58 
-42 -95 -37 -26 -59 98 -83 46 -67 -38 -32 33 -55 -7 70 46 87 -5 84 99 71 -14 46 -95 -34 -61 -71 -53 -99 26 99 76 85 20 -99 -89 31 63 -89 -81 45 100 9 53 -55 3 -19 17 -80 62 39 21 9 -29 14 -65 5 12 4 -87 81 41 -3 7 25 -54 50 -43 -28 66 -31 -37 -69 19 91 10 -32 22 -16 -29 61 27 23 8 -53 -60 57 -70 77 73 63 7 70 33 91 -93 69 25 -42 65 
82 -97 -85 85 -57 -60 64 89 53 51 63 20 -71 -94 -52 -12 85 76 -4 95 -51 29 54 64 52 -13 -29 44 80 39 69 -51 -89 81 94 39 85 75 28 56 -8 1 -75 69 64 60 -78 22 -98 99 -53 -89 -20 64 97 66 22 41 -42 9 -71 79 -18 31 87 77 -14 -91 17 35 46 0 -41 84 -40 -29 -55 69 100 -7 -49 -55 -45 52 -29 -63 72 18 -2 -53 0 -84 13 87 47 1 -40 76 -71 -56 
-78 -4 100 -47 76 -78 -4 -7 -74 -3 -87 37 -1 61 -65 33 -55 -39 86 98 27 1 13 -24 -74 -77 -31 9 -38 -52 -8 -47 -76 -95 -99 42 -49 -98 80 -13 82 -95 -83 -23 -44 60 -94 11 94 -90 -57 -14 -74 -22 -17 68 -38 69 -75 -72 -16 -71 -15 -100 24 30 86 -30 18 -42 74 53 51 -88 36 -82 -63 31 82 1 -83 84 -95 17 -69 -52 11 21 -39 -61 23 96 76 -1 78 -83 -73 38 -11 -41 
-20 57 -47 -78 -90 78 44 -60 2 -4 -4 -31 -2 -52 54 -25 6 77 -29 -59 -66 31 -41 -4 95 33 -71 19 -93 35 -59 50 10 86 54 77 -100 18 -40 49 -37 -17 85 96 22 48 58 -84 -7 -81 -51 96 52 -67 29 29 -89 -8 18 -90 -34 90 -91 -3 -48 -49 88 -14 -10 26 -10 16 -31 -96 76 -44 67 -24 81 -11 -97 -80 51 70 85 51 37 -48 -16 66 48 -82 -32 -68 69 -58 84 71 99 6 
-51 96 -43 -48 44 5 -17 27 15 17 -94 -92 47 71 -19 -19 -98 -38 -9 -25 43 -6 -92 -28 -67 -37 85 82 55 -97 -28 -40 -18 69 57 15 -54 -9 85 48 7 33 30 21 -44 51 -17 -82 80 -22 8 -21 6 -45 -96 24 53 64 -57 -96 43 100 -77 43 -47 30 28 -18 58 -16 4 56 -7 -11 -78 -32 12 40 -12 60 49 83 -18 -9 -96 -100 52 -58 -60 -67 -22 79 -62 -81 86 22 38 90 -3 -95 
35 -71 -5 -16 82 53 78 9 10 -65 -28 -53 64 -55 -88 -2 2 1 54 -19 -81 94 -62 49 44 42 10 32 -85 34 -49 -28 84 21 43 19 26 -77 -86 32 -28 2 36 71 74 -98 -75 -82 -43 -70 -63 -56 -50 -40 60 -54 -80 20 -70 62 78 16 -1 -27 45 -26 1 58 75 1 -69 92 -93 4 23 -44 19 91 -5 -51 15 6 14 -26 -30 31 -91 0 61 83 39 -82 7 -25 76 -12 -63 -94 94 22 
-18 -35 -25 29 2 -57 -9 -42 64 68 -18 -94 32 51 96 -68 -90 -37 -9 -61 92 -76 -15 -66 16 -27 85 80 -64 -86 -26 -58 -24 -8 -7 -73 86 -71 -77 -6 -87 -49 -70 17 -52 10 66 -20 41 -83 88 -84 -50 -93 91 64 -44 88 -72 62 -30 -64 85 -69 17 -61 3 -85 77 -93 -71 0 -12 -73 -36 82 5 71 -51 -50 -91 -92 50 57 -6 74 39 44 -40 37 45 45 13 8 -5 6 -70 50 37 -69 
35 72 -17 -58 -34 5 48 78 -62 39 96 -3 2 -21 20 15 -22 -22 52 64 -35 -26 -55 -46 82 -18 -82 47 -35 62 91 -68 100 -30 100 63 -13 90 -94 81 -95 4 18 70 39 -77 28 -72 -71 14 51 -32 -98 76 -28 61 -3 -39 -40 54 -73 13 -22 10 -13 -99 1 22 -11 58 82 -44 -17 11 -35 58 69 -78 -76 -50 -51 -15 -27 86 86 -19 -97 -17 -28 37 -94 55 56 -10 -80 -64 -12 41 78 -22 
49 -49 9 -43 -99 95 -70 -86 -20 -77 95 69 -19 67 -12 32 -30 94 -99 0 50 -8 99 78 -9 92 -8 80 -36 -63 45 -2 -80 -18 6 -97 -55 -63 -61 -34 -58 100 -39 30 55 43 -32 29 20 27 100 0 14 -50 31 -100 70 57 -83 74 46 -7 -18 -97 -58 40 92 96 -54 8 100 82 34 96 47 28 18 72 -80 -73 84 -54 78 -65 10 97 -73 -4 87 -85 -64 6 42 -73 50 -26 -91 -33 50 -70 
-52 10 -56 30 -48 32 56 100 -77 -40 -41 27 61 -60 94 94 -90 7 40 -30 49 -40 -32 -100 71 -21 22 -52 90 -71 12 -84 -58 41 -2 43 -72 10 -33 -95 -75 53 90 72 -79 77 6 -84 -73 -46 45 -97 -59 73 29 58 53 -51 62 -56 -31 -23 -30 -87 79 -22 100 -26 -89 19 81 39 -40 -77 14 -3 56 -45 -71 -24 -15 -100 22 38 -11 98 -44 34 33 -73 88 79 -18 92 -55 -21 -98 -47 90 78 
-41 -44 -32 -58 -66 -76 -34 50 48 -81 57 93 22 -5 -10 15 -57 -22 77 91 -64 47 91 -21 -41 -66 -17 -28 -39 -68 25 21 -50 49 26 -43 -58 -21 26 -88 18 41 -7 -17 69 -23 -20 -82 -25 51 40 -21 -71 66 25 -93 0 -92 83 -55 79 -7 -34 52 49 -47 -92 15 22 69 -72 44 28 52 75 82 -94 -17 -34 -94 -99 44 34 -22 -16 7 -18 -69 98 -32 49 -60 -40 56 -77 -89 -88 12 -36 6 
21 38 -49 43 -26 -24 -38 98 -49 25 45 73 64 -54 -73 -30 -90 -24 32 64 -81 39 -89 -98 -3 -6 90 90 -97 -59 -78 70 37 77 -23 7 -47 -11 -84 57 -81 4 88 37 -92 0 42 -6 -45 2 -100 44 42 -70 -7 50 -69 -57 -98 36 -40 -63 -42 -10 60 -6 -91 82 -28 80 1 -2 93 95 39 88 72 -47 -17 -59 50 -79 65 53 15 -12 -80 52 27 -89 33 71 -1 52 41 -87 -43 -71 -44 -29 
-82 6 87 24 -25 -19 30 20 38 35 99 -33 90 14 -18 -73 -71 53 -81 -49 44 -38 83 46 -99 42 93 -98 5 -30 -5 -58 -3 6 -78 15 43 14 49 -91 -94 -68 59 -15 -10 16 90 66 50 35 -74 48 62 67 -94 -61 59 9 -37 100 53 48 -30 -75 -56 -9 -7 -19 23 -66 -37 -79 -10 -39 -10 -19 9 -52 62 -46 14 24 31 1 -71 -64 52 -97 -40 55 -80 -54 83 -93 -13 -18 -6 82 -38 -65 
99 -85 83 34 -35 36 53 -48 26 -55 -88 -90 60 93 30 -13 69 -10 26 -45 40 49 29 10 71 -97 85 5 78 63 29 -40 -82 -90 -43 -89 99 2 -74 -2 -33 -56 3 100 -5 -31 41 41 -1 11 -33 -46 44 -36 -79 -16 -29 -37 -75 77 25 81 81 76 70 -48 -77 81 -90 37 20 -64 -20 94 -43 -78 -63 33 -98 10 -87 -13 -15 92 36 -26 -17 -21 23 -49 -20 -37 9 94 -68 18 -88 68 70 88 
71 87 3 83 -10 -18 69 -2 93 91 -71 -56 -82 76 -51 -32 -66 -55 -65 -25 100 79 -100 -79 6 -77 -5 64 37 -19 -33 9 36 -3 -58 9 -1 -80 -90 56 -87 83 98 68 46 -62 -53 -85 100 82 13 -89 -93 87 -80 31 -47 -20 -2 89 -53 54 61 77 -90 -15 -55 56 37 -100 -37 -81 -4 -95 96 -16 -91 -67 14 -74 86 89 16 -96 -1 -77 -1 -7 -69 7 25 8 -68 -4 -64 -60 37 74 -45 -96 
-79 -30 28 37 17 43 -53 81 71 62 13 -94 2 75 -53 73 -28 -40 -16 -50 -64 -62 -91 -18 -5 -53 -91 -2 38 13 -81 20 66 100 83 54 -96 -76 -41 9 98 -37 82 91 -27 51 -87 25 80 -76 -43 -11 41 -71 -89 -42 28 44 95 22 49 -59 -62 -77 -95 -34 -55 -89 99 -73 -79 12 -66 -100 77 77 78 25 -77 -60 -85 -44 -70 -90 76 -15 -43 49 12 -70 -27 -17 58 6 -51 91 49 -24 -64 -41 
-11 -88 -42 68 -16 -77 -82 -59 1 -29 -95 -39 74 -87 -31 -82 -30 -32 -51 -42 -47 88 29 63 -96 46 19 -77 -40 -46 57 40 -72 29 33 4 -63 -1 16 -14 65 -70 -95 -16 -19 87 16 -32 46 19 87 76 59 -93 -42 -73 71 82 13 -68 59 10 49 49 -34 38 70 14 51 63 47 -44 82 92 -64 -96 -18 77 52 -72 -38 25 -79 39 -81 -90 -79 51 -9 -58 -21 94 -85 91 -11 70 -30 97 -87 24 
-42 26 28 39 -63 50 -39 77 21 -93 -10 27 68 58 -60 61 -48 35 61 -49 23 -93 -19 45 36 -19 43 -8 -17 43 77 96 -51 50 6 -89 -27 69 -58 68 53 -93 73 -3 52 -97 -28 -18 21 -40 -72 69 -72 93 10 66 97 8 -7 -86 15 -23 13 -90 67 -73 6 13 21 17 -37 -14 100 12 99 -36 18 49 -53 -100 -85 15 55 -8 -58 -27 -42 -88 -65 100 26 20 -19 80 -7 21 14 -79 -73 88 
80 48 -66 71 -57 87 -37 71 53 6 18 64 -1 -33 -27 87 58 -58 -51 -65 52 10 1 66 100 -75 9 64 32 77 -71 62 -32 -94 92 -47 -70 -47 -20 66 -3 24 53 28 -73 26 -94 -54 -43 21 -81 31 -2 85 10 12 56 32 59 -80 -63 -4 -41 -8 -47 5 39 -53 63 -26 55 -28 77 80 -26 -7 31 9 -46 86 4 45 20 -10 31 97 -68 36 9 70 54 15 36 8 -39 -60 -5 -40 -78 -23 
24 17 -11 -79 -79 35 -99 49 39 49 91 -32 87 43 45 -39 -81 -74 -24 77 12 84 -90 -84 42 79 -79 -46 17 -82 -18 51 -72 -76 -87 -93 -86 79 -8 -29 87 42 5 -7 -85 -64 3 6 -1 -90 -84 37 14 -41 -76 -93 -30 -25 -84 -24 -26 -99 49 54 87 32 -55 32 -29 -37 8 -32 -45 -87 -96 73 46 -81 17 96 36 -41 -44 -44 -58 -91 -30 -1 11 90 -17 98 79 3 -67 28 -45 -72 4 20 
-66 -42 30 48 -53 -87 39 80 4 -56 66 -36 -21 24 2 -6 7 -23 -38 87 51 -47 -38 31 -40 -93 -90 17 -85 19 -68 78 -61 -31 13 -100 -43 -64 24 6 32 -51 76 -78 23 33 8 53 -87 -15 -12 63 13 -15 68 -31 80 60 49 -71 5 8 -54 -82 -34 97 67 23 89 57 53 64 -57 21 9 95 59 -88 34 68 -42 -23 -59 -13 -43 -63 57 80 47 89 89 30 42 18 -95 -91 21 -94 -34 -7 
-62 66 59 -58 -4 95 20 8 66 73 14 -78 20 -69 -97 77 -27 -59 2 -79 76 -37 96 -100 -75 -72 -18 -32 17 -69 47 32 73 -62 -85 24 -94 11 99 60 99 17 82 -4 89 -24 23 69 12 75 50 76 -98 -53 -59 38 1 56 -5 38 -57 95 -60 -34 99 27 -44 -30 67 72 71 -10 53 12 -40 -16 66 93 72 36 76 11 -67 -92 -79 25 85 4 8 -55 18 46 70 -49 -12 -67 -88 -51 56 37 
-97 -28 -70 -98 20 -14 44 48 30 35 -94 20 -94 87 -86 99 43 35 98 -79 34 -99 -43 96 -56 71 -5 59 -97 20 -62 -63 100 -58 -89 71 -8 4 56 28 -81 -36 -83 90 -19 48 68 -19 95 -5 94 52 -22 59 42 87 -19 -58 56 -60 -86 -85 -94 19 -96 32 86 -100 81 -83 -26 -68 48 -13 32 -43 -9 87 -63 -85 38 84 -40 8 64 76 4 76 42 15 -74 -21 -87 -3 93 -54 -29 4 -34 49 
24 68 -54 54 -27 62 -38 46 -60 -41 21 -76 65 -23 14 18 44 58 83 67 -40 -61 -61 36 66 5 75 1 99 -70 78 26 -85 19 34 -55 97 -87 -74 39 1 16 -95 25 92 -42 73 17 65 -86 -32 -65 -64 99 8 -81 89 -53 -80 -21 86 -57 95 66 21 19 -100 58 -25 -4 60 -84 69 30 -39 45 -85 -88 -15 79 85 68 -42 -87 -46 -91 -95 16 7 72 -2 15 -28 -31 -49 97 66 81 33 -46 
35 9 -89 -20 96 68 22 20 67 -63 98 -2 -65 0 28 -23 -65 13 38 64 -22 6 -25 -94 -79 -64 3 -12 97 39 67 7 88 61 -33 70 -16 80 -65 -74 -87 30 -15 54 -2 -50 -19 -20 54 -71 35 -5 33 11 30 38 12 -19 -86 -23 72 -54 -12 -57 -63 75 -62 -48 -81 45 37 -24 -25 15 -24 -76 16 -79 -20 94 -41 -50 -45 -85 70 73 -31 52 21 -47 41 -24 -86 -88 -97 -69 -79 34 2 -62 
87 18 -79 9 19 65 74 70 45 -59 74 -76 0 -28 67 46 82 33 75 -15 -92 100 13 82 -16 -41 -31 82 -30 39 46 79 74 -28 -86 57 38 -68 -13 90 5 32 27 -36 -64 2 -26 43 -27 62 -33 -12 -56 -50 84 -60 75 90 -88 16 -43 -92 -57 -24 -91 -26 -71 -40 -38 75 -11 -57 -83 -64 -55 -66 54 -61 -6 -64 90 78 -26 100 -5 88 -48 51 -46 -48 -89 21 20 100 -64 -45 14 86 68 -30 
-55 9 78 -20 96 -93 47 10 -10 -58 -78 -4 -53 -6 5 13 -85 -25 -78 -51 55 88 78 -49 -46 -24 -35 41 81 91 70 7 -20 85 -85 1 -10 -81 -10 -10 37 99 36 21 -92 -32 86 -96 -75 -41 -68 -6 -92 14 74 -84 -91 59 82 -37 -7 73 9 53 18 -100 -36 -90 -42 0 -60 -32 -21 4 64 -32 100 -12 -33 -90 69 25 -81 -86 58 -45 -11 27 78 12 97 -6 -42 21 -4 -2 -88 79 -95 8 
13 -35 95 -49 50 -56 -2 95 45 89 55 -12 28 -17 -74 29 89 11 -90 94 1 88 3 15 -49 80 17 44 66 71 -39 9 0 -100 -45 63 37 81 -11 -68 -95 -76 -27 13 -29 -13 -11 54 -84 -2 -98 47 -42 64 6 -39 -11 21 -68 35 31 -15 -18 89 -55 -78 71 90 71 22 -69 -82 -45 -80 15 38 57 46 75 -48 54 56 -11 -6 33 -74 61 -4 85 43 -82 19 63 38 -18 -3 -17 53 -26 53 
2 65 -60 -18 14 -84 -10 48 39 21 62 42 -63 27 76 36 13 -27 65 65 -26 -11 39 8 -74 -2 -15 -3 50 52 -61 32 63 23 20 100 38 -29 85 98 83 38 -72 80 -13 3 -64 51 -58 24 5 -9 35 -11 79 -3 -36 14 -34 67 -46 9 -90 -43 -88 -78 -9 -59 63 58 -97 -60 97 -37 -13 -42 4 -25 59 60 87 10 -74 93 -67 19 68 30 -51 55 -24 -43 35 -59 13 -95 -82 10 9 86 
85 -47 62 72 -92 66 70 -76 -50 97 29 -77 -43 81 -91 -59 51 -51 -98 -93 31 -19 35 81 -86 -1 -30 -19 88 -76 72 -46 -1 -49 79 40 -54 17 -10 -93 -96 -27 43 -75 -33 -16 79 -64 100 70 -6 89 -2 93 74 3 -73 -20 48 -65 76 -38 -85 12 22 83 -91 -9 47 -36 39 -60 -89 -26 5 -58 -92 97 61 -51 -32 -23 -15 100 -24 -11 -17 68 -42 -55 -84 44 -15 98 29 15 3 -59 -20 -45 
39 34 87 50 -97 -2 49 59 -60 57 11 7 -48 67 -3 -69 -67 -3 -28 28 51 -75 95 -71 -15 84 70 -83 -56 -87 24 -51 34 61 35 100 45 57 99 -46 18 -47 -23 -95 -38 76 92 -11 86 45 -47 66 35 72 86 54 -57 8 -17 35 -16 76 73 14 9 -89 -64 -71 22 -23 28 -95 49 31 99 19 -94 -7 37 73 -55 32 93 40 70 -62 -78 71 54 86 -70 -51 -64 -100 -2 2 34 -30 62 78 
47 -63 43 80 12 69 -52 47 -68 -85 -13 3 -41 71 20 -25 -72 4 -1 -58 4 -11 -32 -56 -1 77 22 -93 -74 51 -54 -33 31 -14 -30 -23 35 -44 44 56 -69 79 10 31 8 36 -72 30 19 -35 -96 -54 35 -32 -96 84 56 30 8 53 -16 90 98 -37 -21 100 -3 64 -68 40 -10 23 -19 6 -13 -60 9 25 95 -27 -71 39 -55 -55 2 66 -41 -37 -48 21 17 -30 67 70 44 79 -61 -100 -41 -1 
-63 -3 75 -96 -50 -43 -81 -33 -51 44 0 -98 -48 -14 38 -19 18 73 64 8 59 -57 1 -75 -62 -48 -91 -48 -95 10 97 66 -98 55 93 99 -93 54 77 -13 6 99 -39 -61 -41 -93 96 -40 -98 78 58 80 -63 -41 -50 -11 41 23 -95 13 -34 -62 -27 82 -21 -74 17 -47 -22 -21 -79 95 25 58 25 16 80 -35 14 54 79 -90 63 -98 13 69 36 -47 75 -3 86 11 41 -73 100 -53 -23 -30 -5 -62 
-51 14 98 -11 -73 -64 35 87 -41 -46 -94 -12 -92 -18 42 37 2 -94 28 -42 61 -73 -19 -46 -7 -92 -27 5 -71 35 -30 72 93 99 33 -73 -23 88 67 83 -75 7 -23 75 36 -43 -84 -24 34 98 72 14 -30 97 25 16 99 14 -96 -75 79 52 79 -50 92 -97 90 -93 14 29 14 11 46 -41 -77 28 -42 -5 92 87 -58 -94 44 -87 -80 57 -67 -44 4 -64 -60 6 -96 25 -28 3 -69 -32 -42 35 
-43 99 48 46 -86 77 -22 -19 31 -4 75 -45 72 -31 -64 -20 -26 -25 -20 40 -11 20 -29 50 -14 32 -96 90 83 14 -46 43 30 -93 76 -58 -23 -75 -38 -57 73 -22 -7 -12 74 -98 59 -48 -28 -12 11 37 72 -35 -53 -51 65 -7 -52 11 16 6 1 44 71 -33 -1 -68 -38 48 -21 88 65 7 22 -22 -91 4 -89 45 49 49 67 16 -55 -14 66 -59 -78 -51 -63 32 4 -99 -91 -28 -63 62 8 -56 
22 -59 80 -15 -53 -65 -100 58 -51 -75 83 -74 86 -55 93 -23 -28 -11 -76 83 -45 -92 66 -2 -73 -10 12 72 74 -93 -92 46 28 40 24 40 -27 -95 -94 -25 -26 26 65 100 -24 46 76 -88 84 26 9 40 -16 21 25 3 -5 24 41 -55 -70 -34 -30 -62 48 -37 54 52 27 32 -56 -92 -2 84 -64 18 48 -6 21 -19 -11 24 -87 -99 -44 -49 62 -29 -89 30 19 16 -91 29 -11 2 -53 -58 51 7 
11 -77 7 -99 0 -50 -7 -54 -14 -69 -93 -93 -91 65 -36 53 74 -88 72 61 36 96 -50 -86 87 -99 -21 30 -68 66 -92 29 -75 -97 72 -24 54 44 -57 16 85 -94 -95 -14 49 -85 22 65 -90 93 -65 -100 69 86 39 -33 8 -65 -48 30 99 4 -48 -58 -48 -59 39 78 -1 -73 -35 -10 81 15 -49 -17 -53 70 53 -98 51 -17 -80 -59 36 -82 -20 61 18 60 -70 94 77 59 -49 40 56 40 68 97 
50 -30 -94 -34 -28 52 17 85 -70 11 -23 27 9 -76 59 -96 40 48 -73 -60 50 58 -79 -6 91 -21 -76 99 60 -33 89 46 8 -79 -71 -5 -17 -37 -49 -45 69 11 13 -13 -5 -13 -3 16 -42 -18 87 8 -72 94 23 6 -75 -21 93 -83 -88 71 63 50 -83 16 54 76 -74 -5 92 33 -78 44 -1 87 -96 -43 75 -69 6 -33 -42 -89 21 37 71 -21 -5 -18 -12 19 66 -5 87 -70 -63 -96 -88 50 
-78 -88 -90 -15 -2 74 75 -94 35 32 -40 -12 -6 -94 91 30 30 4 80 -48 35 71 4 81 76 -95 -41 -62 -11 -97 34 -81 -48 -81 -10 20 -85 38 82 -99 -46 40 62 -66 98 98 71 68 -50 -62 -70 -63 21 58 99 -66 -41 30 6 -79 55 -77 65 -66 60 -45 46 24 55 -30 34 40 12 -68 -37 72 6 -53 17 58 -26 50 -54 36 64 61 -28 -51 81 11 60 93 -52 -76 -75 82 34 73 -77 11 
-39 28 31 62 19 4 -60 -66 91 46 24 -61 56 -11 -78 6 49 9 25 43 -41 -10 28 -11 -3 -33 95 -39 -80 18 -49 -71 -42 -49 8 -39 25 -71 41 -75 -36 -31 28 38 21 -47 -26 -78 48 -13 -100 32 84 34 1 -67 -91 89 80 92 -53 25 -80 -64 14 69 66 45 5 77 81 89 -82 -93 18 12 -17 1 46 -99 -87 -25 -58 30 -39 40 -26 0 -44 -88 -63 58 40 47 16 -7 -64 48 -32 89 
-65 -19 -47 52 -27 -69 97 -12 18 -18 -12 86 -86 24 -4 89 -91 28 -19 -23 23 99 -72 -39 -26 15 -9 31 -50 49 -14 17 81 14 -92 -49 86 75 47 73 -3 -72 -33 76 98 -14 70 -24 -61 28 20 -16 -76 -84 23 92 94 20 -47 -29 6 -16 98 79 -41 -52 -42 7 0 37 -86 -88 -63 8 -82 -52 68 -2 5 8 12 -91 -16 -67 21 46 4 41 74 -8 -47 -70 -49 -50 87 -83 20 74 70 8 
-88 27 -89 48 1 -24 -13 -58 -7 -24 -96 -66 34 -74 -76 -1 -97 -62 41 -3 53 -7 -55 -48 -94 -20 33 70 -98 -60 -100 -41 -5 76 -99 92 -87 -5 4 29 -81 -23 49 -90 -58 97 -85 21 51 45 -74 -84 12 -86 -10 -53 38 20 -17 85 85 72 7 -42 -57 41 -28 24 85 -20 -95 -60 -84 15 74 67 44 80 89 -55 40 -16 -39 -18 82 -70 12 -6 3 -98 32 -3 -86 -94 36 86 -94 -77 -55 -47 
62 95 2 92 94 13 68 -13 -15 -25 -88 -92 -16 -51 -21 -26 -65 -52 98 -30 66 -19 43 75 -81 30 -88 -30 -9 -80 16 47 -93 -78 6 -66 55 -41 -48 -7 -47 30 -95 -44 29 7 -85 -35 88 42 62 -7 -46 97 -86 -50 46 98 -9 -9 19 -94 32 89 94 79 72 16 1 -7 -53 -24 24 -95 -91 -2 32 -88 76 74 37 -10 -41 -1 -35 -73 26 -84 -56 64 90 -31 -69 91 -63 33 3 -39 71 -7 
-96 -32 19 73 -37 88 -16 -27 -24 -50 -78 -16 49 -58 32 25 14 100 8 -75 30 -33 -3 35 45 40 -87 -16 20 99 -84 -9 30 16 -99 60 85 64 4 100 44 20 26 -93 53 69 -10 -63 -43 34 -39 -31 93 25 -27 97 57 -69 22 100 49 -56 -37 63 18 -51 31 -12 -67 -65 10 30 56 29 0 51 81 -63 32 -62 19 67 12 -69 -100 -56 99 -96 -28 39 -29 -35 -99 -16 25 -28 93 -26 53 6 
78 -22 69 10 -87 -9 -65 -92 -6 32 -7 38 -78 -1 50 42 57 -46 3 -61 -54 38 99 -8 -90 -43 72 82 -33 70 35 -56 -80 -91 -15 -33 -10 44 -10 57 -10 34 -27 -4 -93 -32 75 65 -64 -63 -43 27 39 69 -89 -66 -25 -14 -96 93 63 -62 99 37 54 20 89 19 27 -70 57 91 -2 -25 -82 -50 64 45 85 -61 6 -84 25 -24 40 15 -25 32 -47 6 18 -82 -24 71 63 73 -32 9 -21 -41 
0 -90 38 -75 -26 4 -45 -92 20 -34 69 44 -6 14 48 -41 71 -96 -94 -78 21 -29 -47 4 -38 -83 -69 99 -79 24 -37 -78 79 50 -2 79 38 -69 -32 61 76 -18 79 91 -98 -26 -42 90 -45 21 99 68 67 -46 -91 -76 47 33 16 -47 -48 -71 -3 25 -24 -33 -21 34 16 51 67 -72 -14 -48 -73 -62 74 28 -37 -32 86 -11 61 -55 -90 9 -45 20 -98 8 68 59 -2 72 37 -39 21 -89 68 6 
-38 3 10 -17 -94 -31 -79 83 80 -31 -70 54 -78 -45 96 -67 41 68 -73 80 4 -40 12 15 71 15 -66 29 -13 42 99 23 45 69 22 -64 53 48 72 3 90 53 -63 -57 -65 -47 -20 31 7 39 61 -32 -82 -8 -44 -29 -80 11 21 -16 10 18 47 -36 61 45 -22 89 80 94 35 85 -73 -69 49 78 90 -40 91 21 49 -59 -87 -38 -8 61 51 5 -82 -27 95 9 -39 -59 -36 -61 22 -81 21 47 
-62 -32 -69 -88 84 -10 -88 -66 21 12 72 -32 -7 -7 52 77 -86 -42 73 10 76 1 90 -82 5 19 -74 63 -27 94 46 -45 63 -64 -55 -83 70 30 44 -87 8 -95 -66 -95 -1 -58 95 12 -59 5 44 -86 -87 18 -95 98 -11 -41 72 78 78 -42 -41 98 -72 -76 -33 -90 54 -87 -12 -2 -48 43 -93 -24 32 54 -61 -19 -41 -73 86 4 -89 -22 -98 28 -91 -20 29 37 -53 -38 98 -21 4 75 -72 20 
-95 -15 -85 100 16 73 5 58 -100 20 13 -59 56 5 -41 -72 -65 -69 -39 -85 12 4 6 -22 56 96 60 -94 -83 40 25 85 77 98 39 -100 -51 -19 -28 92 -67 57 52 64 -46 -29 24 8 40 -93 90 85 -84 30 85 -81 82 30 35 18 22 -30 92 -69 89 -83 -99 -94 33 7 -55 57 -1 71 -92 -87 71 20 13 94 30 69 69 7 97 -54 73 45 -70 95 -60 -22 64 42 -89 -96 87 -78 72 -70 
62 23 84 63 -97 -41 -93 80 -22 -60 -9 -1 -70 -25 2 86 99 -62 -54 75 13 -40 84 1 -36 -57 99 13 7 -10 21 -37 -77 -12 33 19 -5 27 -29 -30 39 30 13 61 0 -75 -34 -82 83 73 -19 42 77 -100 -9 -86 -45 -10 7 5 16 6 72 91 -92 -8 87 -90 21 -18 5 -44 -96 30 -86 -68 -21 -17 1 41 68 100 92 -31 51 21 -25 72 96 54 84 -52 -86 -18 -16 46 -56 -88 -11 -12 
-74 77 -32 -5 64 -40 -64 -31 -35 29 -37 97 54 -6 7 -41 -92 -62 74 84 76 -55 -33 37 -77 -2 -12 -39 -67 -70 12 -76 95 66 -33 -55 61 -81 -8 -32 -43 7 53 -46 32 -7 78 59 -21 -26 66 87 -48 11 18 -32 42 -26 45 46 43 3 47 -46 89 4 -99 -24 33 -93 18 -16 -75 -58 78 87 -4 -4 87 -18 -91 46 -56 -43 -42 61 42 97 -70 -36 8 -10 -54 92 37 -58 -9 -55 20 -30 
20 58 98 -19 75 -93 -40 -39 63 -56 -79 43 6 -2 14 -30 -33 -28 -52 -10 39 -71 -96 94 -53 68 25 -52 -32 -10 2 -48 -78 -5 -35 -81 93 13 86 -25 64 69 1 -99 32 13 19 43 -89 -8 37 -66 5 48 84 87 -12 -77 -40 -58 51 32 88 -86 29 3 51 -58 57 -35 -48 -46 -73 0 96 59 -9 -10 52 -76 65 -32 -43 74 -60 -15 -27 79 0 95 26 -44 -82 21 50 -47 -45 50 21 63 
-19 58 13 -82 -6 -8 -18 59 38 -20 -7 -52 -17 43 60 81 -59 9 35 -85 69 -61 15 -55 -67 12 66 -97 16 24 -22 -52 -78 -79 -16 8 -32 -10 -37 -96 26 -14 -57 -35 -1 93 -38 -71 98 -68 34 -42 33 88 -46 -33 -18 92 -83 85 24 -65 62 -61 99 29 6 -56 99 19 -84 -14 18 -11 11 -12 -86 -19 96 -80 -60 3 85 36 -28 -60 -72 -33 96 1 -85 6 90 -33 -56 35 -74 -29 -75 -35 
23 50 21 80 36 54 -3 83 33 -48 0 70 -24 -79 -21 -21 -12 27 -46 -95 99 -47 42 -43 -100 -50 3 -16 66 -27 -39 4 -63 74 -90 -96 23 85 -93 50 55 69 -97 -89 -11 3 -57 31 92 85 -49 33 -68 -60 55 92 -89 0 10 63 35 21 59 29 91 -49 18 29 43 -28 88 -25 17 79 -13 96 46 -6 -54 -49 9 4 -63 48 5 75 -48 -35 14 -92 -14 12 -1 33 -69 -67 2 -24 82 36 
12 -27 -63 46 31 89 21 -73 64 1 -50 -53 -33 95 -73 22 88 -65 82 -88 44 -37 54 90 8 69 -13 -23 -8 77 -91 46 -39 62 -98 56 72 -64 64 99 -55 66 -82 -21 -78 59 77 62 -36 67 -80 10 44 -66 -13 -19 54 24 -33 12 72 -42 37 59 -24 -90 67 46 3 -48 -73 -53 98 44 82 -30 19 17 9 52 51 -79 91 -45 29 18 70 5 -10 -61 -56 70 -84 -80 98 -52 -73 87 93 -10 
6 0 -35 -66 -61 -15 -58 94 56 67 43 -45 -89 8 -66 75 -64 -39 -24 -18 29 -50 7 84 89 -78 74 -32 75 -17 12 57 48 -88 87 20 -41 8 -63 -66 60 -56 10 -24 -61 74 79 85 18 46 14 -97 -86 93 -14 26 -7 -17 26 -87 6 6 -36 99 -99 -47 56 30 -13 64 -75 80 52 -93 82 -83 -95 -29 100 -53 -19 -40 47 5 -36 -53 78 80 -50 -87 84 3 -69 42 62 -12 0 -3 100 69 
98 -86 -27 -13 0 68 27 13 -62 -36 -83 81 79 -84 -36 93 93 -91 13 -86 -68 -93 35 38 100 10 8 71 23 54 6 -26 40 -24 -1 17 65 -59 -14 88 92 -46 64 -98 -73 32 -33 -45 -10 9 -51 -88 65 49 -99 53 -15 14 -70 -99 -89 -50 -71 -14 -60 -12 -77 46 -25 14 -82 65 -43 -65 68 16 -73 -7 -45 -3 34 69 -49 100 -26 73 38 70 13 -100 -27 -67 -96 -99 83 -40 16 -7 -56 -19 
20 -76 4 95 -99 62 51 -37 3 -71 31 -20 -98 41 -35 99 38 -47 -96 -4 83 -68 -36 94 97 -54 -17 86 10 78 -86 -3 -79 63 -32 69 -16 -60 78 47 -75 -93 -49 -30 -51 26 -53 100 -90 52 27 -24 -78 92 15 -80 -67 -45 39 -16 -2 95 72 -61 -35 20 70 84 36 -32 -37 -100 18 61 75 -57 -42 68 66 -85 -11 -99 -84 -42 -38 89 37 81 -23 -14 90 95 -69 58 2 16 88 -1 87 -44 
54 -23 90 -63 -84 62 64 -18 -50 -88 -89 -82 47 -11 31 -59 -82 -43 -80 51 -83 48 85 -31 -19 25 16 25 37 -94 -78 -38 94 -25 6 -53 99 -86 -13 -49 29 -82 -87 -45 -72 29 40 98 23 -94 -21 -58 84 -48 75 65 65 -54 96 65 -64 -32 14 73 85 2 27 19 3 9 -24 92 5 -16 81 -73 -46 -36 97 0 2 3 79 -14 -28 65 -37 -19 75 97 70 -45 -98 84 -89 -87 -40 26 26 -99 
20 100 -84 22 58 5 23 -52 16 -88 -36 53 -90 18 11 -1 64 42 13 -23 -29 -24 98 2 -52 -17 -21 34 3 76 63 20 9 80 -26 -23 38 -55 43 -78 17 63 63 -61 51 -83 42 -95 81 -52 -94 10 21 -75 -85 75 23 92 -8 -27 -30 46 30 59 11 -31 72 -62 -69 27 -78 -52 25 -82 -90 -23 40 -36 29 -54 -67 23 98 78 -67 68 24 -47 49 -23 -30 81 16 -69 76 62 -91 -63 2 -63 
99 -61 -73 20 -96 11 -68 -64 -87 49 99 7 99 45 -6 70 74 59 95 -31 45 -39 -30 -13 -89 -77 44 -2 -59 12 39 58 -92 -26 19 -94 35 64 64 86 26 -20 4 55 37 32 97 4 61 -2 75 -50 -69 10 -47 55 -69 87 43 -90 77 -30 94 -31 81 -40 53 -22 23 98 63 -85 87 94 37 8 65 45 35 3 34 28 77 -93 -40 59 -6 -43 -5 61 27 -1 -20 -88 -39 -48 -54 -72 -85 10 
-48 12 -29 -77 -45 -72 -50 -32 -95 7 -4 56 47 70 16 -37 49 -52 99 81 8 100 -78 -69 -15 -44 -48 58 -43 90 -16 23 -73 -60 -4 -20 -55 53 -74 -66 0 -80 -82 -69 73 -1 32 32 27 -25 -69 -48 62 -61 -47 64 69 51 -39 -59 -12 89 -77 -79 84 -93 73 53 64 70 38 -93 75 87 33 -99 -84 70 23 -13 70 -39 -53 -53 20 57 -55 -56 48 -6 -72 48 78 -11 -15 48 -40 -62 62 -65 
-99 -57 55 55 -2 -91 -48 31 -33 98 49 -63 34 19 42 85 -67 -44 -45 41 -34 46 25 37 99 12 -91 21 -96 7 73 5 -94 -98 -29 -30 97 60 -19 97 92 -66 -48 -42 -75 79 -78 -97 -75 -50 -19 2 17 13 71 -61 22 25 -30 76 68 34 16 -17 0 1 -84 32 -45 -38 -87 -51 99 -53 21 0 3 -85 -48 21 1 -71 -80 -30 -76 53 -88 -62 -42 46 -53 -33 -67 73 -12 -66 26 -82 -57 -63 
-52 51 -42 11 40 28 -98 -71 28 60 -53 -29 84 72 81 -16 77 -30 -57 -34 58 -50 -35 -46 87 74 66 45 -75 -95 -42 -38 -84 96 -51 -62 -14 -28 73 72 7 57 5 39 -87 11 -91 18 27 79 14 -43 -5 64 -94 47 -84 -39 -45 58 79 -16 -4 74 79 50 25 44 -17 47 47 86 16 -15 59 20 25 -5 95 -39 -35 22 -51 80 -13 -56 1 14 -27 -20 90 -69 -20 -100 45 71 74 85 2 -73 
-76 -69 -21 -33 2 15 0 74 16 76 -43 -51 -10 -53 76 4 -11 -18 -61 99 9 -17 -97 -51 -62 63 -49 52 57 96 72 -77 11 27 -83 -34 2 45 5 -43 75 90 23 84 59 -30 46 -82 -84 100 54 62 -39 86 40 90 -100 -21 -10 -36 59 40 -45 82 82 -79 43 4 62 -35 82 -45 -31 -83 73 71 89 16 -95 5 18 -15 -41 38 -28 10 35 -56 -93 -35 6 -73 82 41 53 -73 55 -17 46 -24 
-14 -40 -89 -18 46 83 63 -80 -13 -20 -4 63 -45 79 -20 -64 -23 73 -8 24 98 -87 63 -72 37 -73 -88 39 40 11 -36 -30 -18 -85 3 -51 45 80 -67 73 -43 -95 5 -71 -30 36 25 8 -57 21 5 58 -31 -16 68 -25 54 6 -63 33 -85 -8 -74 2 19 3 36 -88 4 -63 18 21 -37 -11 -42 -65 -48 36 -28 -8 -52 -19 85 74 -100 -81 -89 -25 -79 -12 -36 80 62 0 57 6 -57 72 -47 -61 
-79 -15 38 -82 -38 95 5 -32 64 -40 -30 -76 -80 75 62 -33 -29 70 88 -51 -33 22 1 57 85 4 -31 -66 -50 -12 85 -95 84 16 -76 88 100 70 9 15 -51 37 -62 -67 -77 83 47 -53 67 -43 -3 -81 -66 38 49 11 -63 -63 34 55 82 -84 -83 -88 -7 -93 -30 86 1 -43 -10 96 -32 -88 -97 38 70 -92 -69 53 -35 6 18 37 29 -78 81 45 59 35 27 -16 51 -43 52 -97 -7 -13 -25 43 
44 -17 -26 -58 -44 -83 63 -100 -28 45 -65 65 -48 -84 24 59 14 -53 -54 56 -5 57 88 9 -28 55 88 60 75 50 -74 28 38 73 17 -39 16 97 53 -64 20 -56 -30 -45 -22 2 -12 -74 -17 -40 49 -96 -36 21 -17 -39 74 -64 -98 -60 36 76 -22 11 -72 62 -76 -95 50 -61 67 -89 -85 -2 -69 53 -21 -44 73 100 7 78 -36 74 -74 -66 -97 17 -75 -41 -89 -31 55 60 -68 -72 -74 1 -15 97 
-57 -77 35 -21 -95 8 -19 -76 1 43 81 -74 94 -11 -83 88 -24 74 50 -90 -66 87 91 68 62 97 19 31 -79 -94 -45 -48 -66 -54 40 -5 -74 -65 -9 46 -84 96 16 -10 65 34 -2 -6 65 -54 -26 -14 49 -4 79 6 2 -27 96 22 -53 28 -46 15 -73 89 -4 -99 -21 71 14 95 -30 95 -73 -52 83 -18 41 65 -99 -29 7 -91 -76 -77 62 -34 76 -60 -53 36 63 90 -75 68 -42 -59 49 68 
-38 36 -71 87 52 -55 90 85 13 72 51 66 -17 16 41 -58 -64 61 26 20 85 -29 73 88 86 -15 -43 -25 -54 -46 8 -71 -88 -73 42 83 -93 51 -56 73 14 51 73 91 -18 -32 -73 24 -48 43 36 81 -98 -97 20 41 18 -26 54 68 21 -34 -71 26 95 -16 -69 16 0 -10 93 49 -9 -21 9 -21 35 -15 -45 -56 -72 71 5 -28 -7 -86 -5 -62 -40 -45 84 79 -85 50 85 -61 35 80 -12 -65 
