-86 36 -85 -100 92 -99 95 -91 77 -7 -9 15 59 28 47 -84 -37 86 -20 -42 27 -51 -87 -7 -71 76 20 70 -48 -14 84 54 8 29 -64 72 -94 95 17 -76 24 -22 80 37 -18 98 46 29 83 -46 -8 -86 -15 -42 15 -20 79 59 44 75 -29 -53 13 -87 43 94 -32 -69 16 54 -85 -12 -44 64 -30 -76 10 81 44 -69 -35 10 85 29 46 -48 44 -33 70 31 -62 20 63 45 -80 81 35 -38 6 -38 
-72 -41 -50 -69 63 -31 -51 31 0 -76 71 99 -3 -78 78 -28 32 2 65 40 81 -92 -16 -62 -71 63 91 -12 19 19 78 47 100 100 -87 -24 52 -34 34 -2 -33 63 75 89 -5 -49 63 -50 -23 60 -10 -85 -13 -78 5 -29 12 -58 48 -17 18 79 75 -1 46 44 -5 -65 42 -14 -29 3 -35 -29 93 -61 87 96 -32 96 21 -59 96 -50 8 25 85 84 -56 84 51 9 -87 43 -32 -81 -83 -46 -8 -91 
66 -46 -85 60 50 75 93 -5 28 -86 -18 74 32 -21 -93 9 29 24 40 -60 34 17 -70 34 62 -18 -72 86 40 -20 43 -96 19 -87 22 -41 39 17 -31 -86 48 -11 26 -60 100 8 98 -77 -19 13 58 3 67 86 84 -96 85 59 28 -44 68 28 -8 54 11 100 -63 -87 30 51 -88 9 -96 -94 82 77 -70 93 58 52 78 46 60 -72 59 65 -72 -75 44 97 65 33 13 64 57 -15 -34 80 -31 74 
97 49 -55 73 -44 0 -72 -27 -17 31 45 -10 7 -44 -95 88 -94 7 33 -5 9 20 -16 -40 0 -4 -46 -93 -86 97 -11 -6 16 -40 1 -64 55 43 51 -38 -90 92 64 71 -5 84 69 -96 7 34 65 57 -61 -30 -21 -71 22 -38 -23 79 -42 23 -28 -97 -90 -16 -6 47 -55 -72 -82 9 80 76 79 -54 -14 -19 45 -64 37 -1 98 49 -17 68 -2 72 60 3 -99 -41 -47 0 -96 -78 68 59 -89 -86 
-58 -70 -44 63 -15 22 57 33 -46 -89 -47 89 -76 57 -2 -25 95 -77 -67 42 51 35 -3 81 -49 83 45 39 20 -42 82 88 -8 -84 -54 60 90 98 41 48 3 39 -77 37 -45 -18 30 -25 -73 1 55 55 92 -23 -37 -15 -54 -35 -33 48 -71 -76 -54 -1 -69 -73 66 15 7 80 83 -34 64 -43 -97 -40 -90 42 53 86 -6 -28 77 54 78 89 -13 -10 -98 -93 -16 -13 14 64 -97 -90 26 78 46 -79 
-55 45 -83 90 -76 1 -41 -95 -72 -55 -77 -42 66 72 38 -77 -5 -89 -49 40 -60 -90 36 -68 20 -4 91 -49 -65 -97 -54 4 55 -62 -92 -14 -5 -3 -8 14 -55 -31 59 -5 -16 -11 45 22 67 21 -15 93 82 52 76 -1 -14 -7 -49 85 71 85 -51 -2 91 15 46 -38 -43 -23 -60 -27 -52 -1 93 -18 93 -77 -84 77 -76 37 -42 -41 90 70 14 -11 -58 -23 15 64 7 13 11 -58 78 -13 42 2 
-66 -63 65 85 -69 -63 -70 -8 10 44 -32 -6 -79 10 -31 25 41 11 -70 44 11 89 83 74 -42 32 98 -86 79 50 -7 21 -50 16 83 -11 9 -26 -24 -91 -67 -34 -95 83 -66 -39 73 -40 41 76 -25 23 -60 -27 37 -45 -93 -44 -7 63 -32 78 -74 -55 -42 -21 -25 -85 47 -93 -55 47 -68 60 40 -58 -85 10 -6 47 -46 -35 -99 25 -63 95 11 9 53 -66 -14 -58 -5 44 -71 -48 -2 -82 -35 53 
-32 -85 26 79 26 -30 5 43 -16 6 -51 -55 54 39 -57 6 76 77 -28 4 -31 69 30 62 8 29 -61 -40 18 -46 -28 58 94 -28 25 88 -61 6 -56 -23 -96 52 63 -97 21 40 90 25 75 -17 91 92 -80 83 -12 4 -85 68 8 28 29 67 -85 83 -62 -4 21 42 -79 -22 18 -79 38 -54 -60 -46 55 -74 -26 10 -16 81 -28 73 -62 -2 -94 -3 88 94 49 32 48 -43 56 -11 19 25 91 -83 
-81 84 20 -32 57 -78 67 -2 84 -27 40 47 20 11 50 -11 96 6 -27 23 -23 4 -1 -9 -31 5 52 -91 -32 20 -100 -63 -68 -8 68 -29 88 39 27 -2 88 85 0 -44 51 -48 73 -50 23 -18 -58 -67 75 -66 71 77 -90 7 -53 -40 -61 59 41 29 -73 77 -30 -74 6 -63 -7 83 -34 28 -84 93 -26 60 -58 9 -74 -95 50 -31 86 86 83 -43 37 56 98 -65 54 34 76 -54 22 64 90 -72 
25 95 -96 30 22 -98 -59 98 -34 -34 -30 20 5 9 59 66 43 52 2 -65 22 -47 46 -5 92 50 52 -85 -50 -44 -96 50 6 59 -67 12 -13 70 -52 76 -67 49 98 90 -73 -86 -67 -40 84 -8 -97 6 69 72 -80 -47 -70 74 -52 14 -10 84 -42 16 -9 -91 -95 -75 45 -43 26 4 52 -19 -68 56 -31 -97 -61 26 -91 -56 95 -39 -89 -51 -23 16 68 -78 -65 -34 -89 -58 -79 -22 58 -83 -40 6 
28 -54 57 -28 72 -60 -55 8 93 90 -65 -98 -16 -2 90 -26 -2 88 91 2 -90 39 -42 -96 9 35 -46 82 46 27 -44 54 57 -88 81 29 -39 -24 41 99 90 -3 97 -23 64 -9 -95 6 93 0 92 23 -57 -54 22 -52 77 -44 -14 58 48 19 15 60 7 -71 -81 -6 76 39 21 -59 -23 -87 64 92 76 -66 91 35 -55 -99 -86 -79 85 -73 43 -45 13 -43 -22 34 36 55 -100 -71 -91 6 33 -13 
-59 -44 -24 -81 -37 28 -38 56 15 -94 13 82 -65 5 -79 -100 84 54 -79 -4 19 53 67 25 50 -50 36 -84 -10 -22 31 -74 37 3 45 89 80 50 -62 -51 36 -90 -66 -63 -38 34 30 72 66 68 0 -27 31 -4 80 1 96 -26 -87 40 14 34 16 -29 -33 -3 -30 95 -97 27 -34 -34 -28 -24 62 -75 -26 13 44 53 65 56 -19 -7 4 -66 -36 63 -82 13 -81 78 -65 -96 91 -54 20 -100 -44 -85 
79 -46 25 55 30 63 -85 -73 -22 -20 53 28 -73 -77 -75 -50 51 -84 -56 53 -22 -65 -87 -81 -22 57 46 89 -92 -51 26 95 84 -12 40 -24 -89 -78 -45 -42 -35 -69 -8 -14 3 27 -42 26 64 23 -19 73 -7 41 34 -51 -54 -30 -6 77 73 95 0 1 -76 -18 -45 33 11 -20 -15 -86 66 94 -65 60 89 -63 -53 6 52 -69 -22 11 -92 77 80 78 -11 -82 -27 -64 -97 -47 -3 81 -11 61 -29 46 
39 -99 -29 94 23 23 89 34 -96 50 -70 90 48 77 -32 -46 11 -63 -42 -5 94 -65 -11 -43 48 -55 -57 48 1 86 39 -82 -11 -95 64 -38 62 35 62 56 -17 68 86 71 -2 -29 -50 -15 68 86 -39 72 75 -4 10 21 -58 28 77 -99 -44 -78 71 -63 46 46 79 -1 58 19 73 100 35 34 12 40 -71 75 -22 -94 86 56 -58 91 26 27 86 -82 16 53 66 -57 25 30 -59 67 69 22 -15 -12 
21 93 47 -63 61 -72 97 51 -74 19 -100 -62 -37 68 -11 -98 -67 -6 46 -46 -90 -34 -75 31 -52 10 -30 2 95 -59 92 37 81 -3 -66 58 -75 63 -13 -67 -65 9 -25 66 10 -98 49 65 -74 -24 80 -32 -52 -7 -49 15 -59 67 -89 -29 8 -34 50 21 8 55 14 -86 -21 -53 89 -73 45 -71 -32 -75 27 -77 61 -23 51 -73 51 -29 29 -30 51 41 3 -2 53 22 -44 -51 32 -75 -91 -2 97 36 
-63 80 43 83 -44 -43 -28 -13 28 -2 84 -10 -32 -17 93 -8 43 82 69 41 -87 -68 88 -73 62 20 98 -95 -15 -94 -78 -73 -34 85 26 75 88 15 -16 -44 -13 -28 -39 -21 29 9 5 95 11 7 -6 72 -33 -16 -10 -12 -3 59 4 -2 41 -34 -18 -81 -83 10 4 -38 -15 4 46 -13 17 40 18 -94 84 -55 71 55 -5 -41 11 1 59 25 31 -84 25 41 69 -73 -4 -43 5 73 -2 -97 70 81 
9 -6 -1 -59 51 -38 -86 52 -47 8 -72 55 -91 11 75 85 -68 -10 1 -98 -61 -39 -80 -42 27 -95 -1 -67 85 -69 -65 -59 -45 65 -63 23 -93 76 -81 75 18 -47 48 -82 92 49 8 42 -83 -36 24 43 -25 93 31 -82 41 -43 15 16 -27 23 95 77 -42 -93 -76 -97 50 86 10 31 -32 -10 6 -12 76 -17 -23 -72 5 94 23 96 88 -17 64 -39 -86 21 -5 97 90 -21 -93 -70 -2 -5 39 55 
-64 96 33 51 83 -12 91 -16 42 79 13 23 -6 -13 81 6 18 -52 -82 -44 -13 -95 77 -89 -26 -38 47 18 46 47 -87 -12 100 -78 -70 -5 89 -35 91 -6 -93 48 -52 -27 93 -11 -55 -40 -24 -79 -12 3 0 -31 -60 29 81 8 -37 43 -42 -67 -11 -22 -14 -58 -4 -73 -26 3 5 11 88 55 27 34 25 -92 90 -100 -66 16 -5 -79 32 -62 -18 80 61 -34 -18 88 -85 -50 24 62 -63 -42 49 89 
-71 -74 36 8 82 5 -17 -83 61 -83 79 -84 39 -40 85 -39 96 -49 -60 28 -66 -1 18 -70 100 -71 96 65 -39 14 30 -40 -16 8 -84 -96 40 62 -77 -67 76 -80 -48 -100 52 74 -94 -63 87 25 38 46 79 -66 89 -83 -24 10 97 -9 94 -56 -83 18 46 -37 -90 -80 19 -88 -66 48 -26 81 -92 99 66 -15 -86 -37 87 14 -86 11 18 -85 -27 23 -27 42 -22 15 58 -21 -41 -47 -72 65 13 73 
54 51 -44 -19 -61 10 69 65 -90 -69 12 95 19 65 89 -33 32 76 0 14 93 23 -6 66 66 -75 78 31 5 -38 52 -95 -43 -61 76 92 -88 -45 -48 65 16 94 68 -32 17 44 -1 -84 -86 -66 54 77 -44 87 -60 -22 50 87 51 -94 51 94 -36 68 98 -45 -7 -4 98 26 71 -18 -13 -84 84 12 -2 100 81 55 -30 -53 22 57 -26 53 -48 89 52 -85 -97 -13 25 -80 86 46 90 -49 -1 -52 
24 -73 10 -33 -13 96 -51 -7 4 33 -50 -20 18 -52 43 60 44 -97 33 6 -3 -63 82 -66 8 100 23 53 34 -33 -7 -37 -60 -46 0 -95 -82 22 -36 -72 -84 -47 -11 -60 96 -26 58 54 16 6 -51 100 -90 45 -91 50 84 -19 -95 -80 -85 -31 36 -33 70 83 -78 20 -68 -78 -7 35 -61 -64 10 -77 -38 -39 -34 57 -34 54 56 68 20 -6 65 -34 57 37 -4 65 12 93 -77 -13 67 40 31 -35 
-11 -56 -68 -89 41 -31 72 -84 -49 -36 -25 -86 42 20 92 78 -53 -72 -43 -98 -10 -42 -62 72 -47 -64 73 89 93 -62 -54 -73 84 -93 47 39 -21 -83 84 53 -71 16 80 -44 36 -80 -61 -32 -92 -48 21 -70 -9 -96 24 42 -26 59 86 -85 -43 -44 -99 -70 -52 69 22 -67 -93 93 97 26 -57 -2 -99 21 -89 -88 63 18 57 -69 91 1 -47 -14 41 -40 -3 78 66 -30 -41 -8 90 43 -20 35 -76 -86 
-95 -45 -66 -100 30 51 -23 32 -84 70 5 57 -85 62 -95 -64 13 -79 -91 29 -71 30 23 41 -87 35 -27 -99 -81 29 -23 -51 24 -55 -29 42 -89 -41 98 47 -96 -11 -82 -82 -47 -58 76 -18 30 55 13 69 -91 -56 -87 99 -85 -14 69 -30 -16 -15 50 29 92 28 -20 79 63 -6 -82 91 -83 83 -39 20 58 45 -82 -4 52 50 -17 -3 -23 -91 -86 -22 -22 18 -92 44 -73 -49 -26 45 92 -89 67 -30 
85 81 -13 -68 5 14 82 24 26 -45 -68 66 31 -87 -80 16 8 -16 -41 1 -12 -59 -75 91 -97 -57 10 -82 82 -97 79 83 54 89 -56 69 67 14 90 -81 -56 -55 39 44 35 61 -31 87 -14 88 33 -44 65 92 -61 -96 -45 17 -2 -75 68 42 -88 -41 27 67 57 85 69 -5 63 -31 54 -63 59 97 -46 66 -95 -68 -99 90 77 11 -58 11 66 6 76 -25 21 -5 -56 57 69 100 -67 -65 22 83 
-40 25 19 2 41 45 20 29 -35 6 -93 37 77 56 50 76 -32 -18 -18 -37 -92 -50 34 -80 18 97 11 57 -15 49 -95 64 17 -7 86 6 -61 -35 -10 -81 -48 -24 -64 82 -72 -25 31 -98 -96 22 -34 36 58 -79 -37 -68 21 39 -89 -89 -85 -13 63 16 33 100 -78 60 70 82 -3 -16 11 59 60 -98 -2 -50 -33 -1 10 74 -11 17 25 57 65 12 50 -68 -61 -48 -56 -74 10 45 82 39 -75 82 
66 -92 77 -100 -87 96 15 59 -12 95 -11 -46 -38 49 -24 -91 -94 -33 5 -20 82 -84 57 6 -39 6 -34 86 11 -1 -100 80 -67 -57 -17 67 -62 76 86 -60 -93 -8 -60 -60 24 -8 -66 20 -82 -62 23 -63 -67 68 -43 38 12 62 -8 53 -1 75 49 57 -40 -99 -84 -32 -8 16 -90 7 12 -55 -67 -86 98 -31 72 61 -48 75 68 59 73 -18 26 35 72 -8 78 55 39 -22 -75 -95 -36 7 45 -73 
6 -14 -74 20 30 11 52 -2 32 46 12 88 -61 80 -72 97 41 -30 31 43 -61 90 58 52 16 72 -85 -37 13 21 -58 100 -90 -76 -70 -82 87 58 -37 -92 40 -21 38 73 -30 87 39 -80 69 -54 -54 69 30 84 -58 -82 -85 -47 29 -20 -49 33 2 -62 8 71 -96 -83 -16 -77 68 -44 82 -29 -7 91 -84 -27 -31 83 60 -94 47 -62 21 14 -41 76 -88 -63 -30 55 32 32 -84 -35 -1 -34 59 80 
22 -70 59 79 -50 10 -18 54 76 36 41 -84 49 29 93 61 15 93 -47 -56 3 31 20 62 93 50 63 70 29 5 3 17 42 -99 -78 70 -59 43 75 64 -97 73 13 37 -12 67 3 50 44 -12 100 -49 -24 46 32 94 16 39 -34 -4 1 -69 18 -13 48 -71 -23 59 64 -87 90 15 -17 1 -68 46 -87 -65 96 20 -98 77 28 -98 -1 45 64 56 -66 13 -96 31 -71 73 11 12 5 62 66 36 
32 11 -61 97 81 20 100 -20 89 11 98 -47 -24 -8 80 -8 73 -17 -26 -63 3 98 54 -6 95 -97 52 -66 4 -23 64 73 20 52 -60 95 -23 -17 98 64 -61 34 71 42 -13 77 59 56 -43 -43 -27 -69 21 -38 -95 25 79 -19 23 -9 89 38 -64 -64 -10 47 -40 -10 -10 -79 -11 -7 -79 -34 -40 -19 -5 -98 89 -93 -14 12 42 92 -53 98 -57 77 50 -88 21 61 94 -59 30 77 0 -99 -17 -3 
93 -90 51 54 -27 -89 36 57 -42 63 -2 -48 -71 36 -22 -43 -2 -64 82 34 -76 9 43 97 -42 -17 -39 -6 65 -13 49 -28 -78 11 88 97 5 -7 62 -14 14 -93 58 -13 -41 -64 -70 -81 94 -33 41 -5 3 80 -58 66 -21 -40 33 4 -47 -53 -32 84 52 42 -83 51 59 88 -51 100 -51 -100 -65 81 -42 31 66 -75 -6 14 -6 56 56 -58 85 14 75 10 -94 -52 39 -58 -59 -44 54 -27 33 22 
-11 -82 34 -58 -16 18 16 40 31 72 -85 99 -52 -54 89 -60 96 73 76 81 12 97 -49 80 -14 3 -57 56 -46 95 73 -32 17 -23 66 -70 -49 64 -76 34 83 -11 2 17 -18 21 -75 -10 80 98 -38 -75 -50 -90 90 -40 -86 -61 -56 44 16 14 -58 21 -6 23 -16 -29 33 -58 -59 67 59 95 -61 -26 79 9 64 94 64 21 -89 -52 2 -77 -10 -64 -35 -74 88 49 52 -73 -51 21 89 87 2 77 
12 -73 9 100 92 41 -66 82 -74 -29 34 -45 19 28 -8 -10 -55 -75 25 43 -23 8 -62 -83 -67 -60 -81 55 -93 -59 -94 -94 -73 -75 -26 -16 -48 -12 -44 -55 -39 -12 -55 -17 -4 30 41 -6 -90 54 -80 12 67 -21 -66 85 -45 -53 11 40 95 -83 -4 30 83 62 -52 18 -98 -34 -5 -47 -94 -40 12 9 -27 -98 -96 53 -64 -48 88 -23 -61 67 -27 26 54 47 -92 76 39 32 -37 -82 81 -88 41 -27 
-56 13 -20 -15 -67 -52 -12 17 -76 52 -76 -94 13 -18 -25 73 -78 8 72 95 -18 -3 17 39 45 -83 -67 1 -15 3 25 -97 -37 91 -81 -13 -74 69 -8 69 56 25 73 24 -8 -90 -44 -34 -73 -66 63 88 -79 -93 -84 -42 67 -4 -72 20 14 52 69 33 74 -75 100 9 57 -43 -19 90 -5 -47 -73 94 5 14 92 88 33 -97 74 -72 -93 -82 -13 85 -70 0 -33 76 -17 -56 -14 77 13 28 -25 -29 
8 53 85 84 40 97 41 -36 -90 9 -91 -46 -98 45 -31 -42 46 60 92 88 -95 59 14 62 -4 75 9 50 -71 -56 74 -39 -68 -41 21 41 12 -25 100 14 69 -82 95 6 64 -9 -42 -86 17 -9 54 72 69 93 -74 -71 6 84 -89 -88 -71 67 -82 -20 -43 -44 -26 -62 -73 92 13 -61 -98 99 -76 32 -29 -34 70 37 43 -73 50 83 -93 -93 -70 -1 -23 100 68 -1 -97 -51 75 56 2 73 -23 95 
57 19 -42 72 -67 -10 -30 81 -6 40 78 -96 -53 33 47 -89 8 -54 -60 78 -11 -44 -15 29 -8 64 41 89 4 39 -41 8 -53 86 45 -74 56 1 -59 -59 4 -66 -30 3 70 -82 68 -11 -22 -80 -58 -79 -24 -2 76 -21 -33 -46 92 73 56 -38 -37 -56 27 65 -77 -73 58 -17 92 -8 -90 16 -99 81 19 63 0 -47 -73 -72 52 -40 100 97 -94 -65 29 -20 62 -24 79 -3 -46 56 79 46 -46 -65 
85 14 62 -49 -43 -33 55 46 49 57 70 48 67 -74 22 -62 87 -28 57 -31 46 59 96 24 74 -49 2 75 -49 -55 -14 36 -21 -16 2 -6 -43 10 77 -5 -65 -20 13 66 97 -12 9 -71 45 -5 -9 45 55 35 -8 61 -40 92 9 -39 0 34 86 -20 90 -72 -37 -71 16 -92 25 -66 71 16 -90 16 -21 -36 -94 44 73 -43 -74 -57 38 57 54 -61 92 -47 -84 68 44 71 -79 21 -22 -37 -72 69 
12 84 -93 -61 54 65 87 -56 -48 -90 -3 -12 9 64 58 88 -96 -10 -37 -78 -11 -86 -16 -36 37 54 51 -24 -2 51 -11 -58 7 97 -72 -37 -46 -65 63 -51 -95 -98 57 43 -35 67 89 12 -86 86 -18 20 -78 -64 -77 -68 87 -85 -74 -65 51 -9 -79 57 -77 100 43 80 31 -19 -1 -47 63 76 26 23 54 -77 8 83 -77 -81 17 58 74 -62 -42 -69 -14 93 -64 -13 -47 -55 -86 -54 -82 87 48 7 
-97 -11 -30 52 35 8 -13 -74 -24 82 -70 44 -1 -68 99 23 18 0 -15 83 6 9 -13 -84 95 54 62 74 8 -30 9 11 68 -39 -55 -58 -69 88 -10 45 96 13 -78 64 67 -28 -87 -59 90 -2 57 63 -79 20 59 53 -95 -81 -24 -24 42 24 -90 85 92 -31 83 -38 66 7 13 -99 35 -4 61 -74 -18 -51 85 75 31 63 46 -77 9 -97 26 -24 18 -73 -42 94 -59 -23 -83 72 -67 78 85 -52 
79 -42 -5 50 -43 8 -16 53 -85 -49 -33 -16 -3 -71 -8 49 19 -4 91 -41 -86 -3 -43 -74 55 58 -61 -75 27 62 -99 35 -70 -56 72 68 -19 -99 55 1 6 77 38 -64 -71 78 -13 36 64 71 55 88 -66 74 53 100 86 42 38 -35 12 -32 -54 -67 90 -55 50 50 100 58 -74 -36 -18 -35 51 -58 74 44 -46 84 53 56 33 -81 51 -34 57 74 -75 -37 49 24 8 21 -11 -77 -54 -6 28 67 
-97 55 45 -98 -5 18 72 48 -71 94 -48 23 93 -25 -22 -97 -25 78 43 81 83 31 83 2 -78 59 -33 9 4 80 -97 -6 -36 -32 7 41 47 -3 -46 69 55 66 -90 -60 -11 78 -44 -23 5 -44 90 -26 -63 -35 79 23 -3 -26 -96 19 -41 -46 33 12 -73 85 -18 38 53 -88 -85 95 -67 -55 -46 -95 -49 77 -12 57 0 25 68 41 -48 58 96 -11 56 61 -34 -97 65 -81 97 -5 -28 43 25 97 
-32 6 -66 -62 -95 71 91 -39 46 -68 -53 -95 -76 1 33 63 30 -76 -26 1 -9 -8 24 -58 -12 -89 -91 -65 59 38 -87 -79 81 90 -39 50 -100 63 52 -76 -62 -4 -24 -50 67 7 -91 3 -85 3 26 51 95 -45 37 87 -83 55 -20 -28 -71 -84 -32 -34 25 -86 100 75 64 -98 -84 -19 -65 -13 -52 41 -23 -89 37 96 -55 -54 17 23 35 36 82 -9 -80 -52 86 -10 -35 -69 -74 46 10 2 55 -4 
-27 -67 31 -12 83 -10 5 -100 -69 67 -84 -62 12 -47 -73 -51 82 -96 -82 -35 21 38 0 -35 -84 -61 -26 -94 94 -89 -48 -83 24 58 -15 -29 84 -42 -85 27 -17 100 8 -32 -89 59 18 62 -99 90 2 94 15 6 -35 73 83 -65 51 -52 31 96 -74 -56 62 45 95 10 73 -78 6 -36 -2 -51 -64 -85 -76 -16 6 65 44 -34 -63 83 60 -4 -45 -63 -100 17 73 -55 64 84 65 83 59 49 11 -25 
67 -19 -41 88 22 38 73 61 -76 -60 69 -24 -88 -91 90 -51 55 -22 0 -61 -51 38 14 -79 -94 62 65 -98 -33 24 -38 -74 -43 63 26 24 80 -96 37 79 -20 74 -85 -12 -24 98 53 -1 42 -42 -41 48 -59 63 29 -65 76 71 16 29 -47 20 -77 41 -43 -90 4 45 -69 86 -19 14 75 86 -41 90 86 79 -25 79 27 -46 -67 -7 85 78 91 56 -42 -33 83 90 -29 59 -15 14 39 -33 33 79 
42 77 82 5 -24 31 -99 25 83 -76 -63 100 -27 88 -93 45 -25 -23 -60 42 78 -42 -18 -59 -19 -79 -44 -71 0 54 88 19 -16 59 65 -78 83 39 26 21 50 -65 21 47 32 -50 91 -95 -56 -9 59 53 10 -19 31 49 100 62 -22 -37 87 -80 76 22 -16 -72 -88 19 -31 -96 -21 37 -88 65 28 94 -86 46 -13 64 91 -99 -65 -84 32 2 79 98 83 57 9 -1 -18 -50 62 60 89 98 49 -94 
69 -29 35 -35 50 -94 28 92 25 61 64 58 -82 10 3 -36 -56 -15 42 97 -20 28 7 -39 -96 -65 -96 90 -80 83 -71 -3 -71 11 33 -23 3 -22 -92 65 -61 51 60 -4 -27 -29 -45 -51 -68 -75 -84 -35 -89 47 -53 -84 -90 -22 51 -100 -60 -9 56 -39 71 -97 22 -79 -31 -3 32 70 13 -67 -3 67 -21 -36 -63 -25 27 57 -48 -17 -17 66 -99 70 -100 -73 -32 -22 -16 19 10 49 17 4 -85 -26 
90 19 -7 1 9 87 -25 22 -53 55 4 24 24 -57 84 -62 -66 -85 47 55 -14 -24 17 -24 45 -72 -87 -35 21 52 64 33 -30 54 91 -27 25 -20 32 -18 48 96 -55 45 96 -1 -61 -90 -19 -23 -31 54 16 30 75 35 -94 -90 -100 -76 -38 -87 -25 -71 -25 -2 71 -8 -24 -93 66 -27 -87 30 -83 -23 25 4 99 -69 70 -62 95 39 -48 -47 -84 44 -46 48 -13 26 -85 -78 95 60 20 100 93 -68 
29 37 -80 44 70 86 72 38 -55 -1 -25 42 -11 40 -71 65 -38 -30 15 -26 86 0 -23 8 -76 -15 65 -10 21 92 -73 -72 80 11 -7 61 8 23 68 57 -48 -8 -80 -36 28 -2 -74 82 82 -68 36 -23 -40 57 33 -76 -6 -79 11 73 -59 -75 -95 73 -22 -89 -92 83 -29 -82 -65 30 -48 67 17 -98 61 3 -39 6 -87 23 60 -94 97 -100 -95 -24 91 11 -13 -70 -68 20 91 63 -97 -98 -83 20 
57 -87 -46 49 -60 15 83 53 -59 3 78 92 -48 -89 -28 65 -33 -75 69 -31 13 -32 32 14 -83 56 17 -19 -3 -94 93 41 -91 79 47 10 -28 9 -60 26 47 -44 67 -96 55 -65 -25 86 -73 83 99 -55 29 -3 -22 63 -85 45 -47 43 -56 46 37 -100 -89 -16 66 -69 5 80 69 53 62 66 68 -38 -97 53 69 -94 86 -70 -98 -99 -3 -58 38 -44 99 97 92 76 -56 -66 26 -26 17 70 35 -93 
84 60 -85 -87 3 21 46 19 60 26 49 80 15 50 71 45 84 45 -87 32 -17 -87 -3 -16 -3 -24 -11 -70 68 -2 -83 65 16 57 92 20 -67 -79 75 72 5 68 0 21 99 37 30 34 -25 -9 25 -55 86 31 67 76 -3 100 79 45 2 80 -41 -57 72 71 58 -76 64 46 -78 -99 37 -1 65 88 -7 -99 -98 19 -90 5 8 -11 -27 -1 35 -59 9 10 -67 -56 29 28 99 -15 1 -6 -13 73 
78 -49 82 46 85 -96 53 -38 -26 -21 -49 24 27 11 18 -72 -66 -92 8 -97 -69 -85 -80 -78 81 -44 -72 33 -93 -52 -59 90 -40 -19 80 38 -21 -53 -44 87 -94 51 89 100 15 -87 25 -79 90 87 -52 -49 98 -26 82 100 -46 10 -6 63 1 -58 3 76 -77 6 -30 53 -16 -9 -7 78 36 85 -48 -42 -67 -65 -55 -15 98 -24 -92 -95 -5 -92 38 77 29 21 42 -97 61 -77 24 -4 39 -95 -11 92 
-15 -62 -46 54 54 -4 21 -69 49 -22 21 -54 13 42 12 7 98 74 39 -36 29 0 -35 36 20 -86 -29 -23 -21 -55 -8 -96 -49 54 30 -76 58 -92 -64 -47 35 -92 15 59 -26 94 15 87 82 -58 -56 -34 2 -9 -77 94 -77 -86 -60 55 -31 44 99 18 -37 -68 6 14 -7 63 81 -2 31 35 -2 48 -24 -53 93 63 -64 -84 4 -96 -16 75 -19 30 18 -29 -63 84 46 -58 3 -99 -33 72 -69 -11 
93 12 35 -37 59 -39 -13 49 29 -36 -40 97 83 89 12 -7 -96 -63 -47 18 -29 66 66 18 79 88 -6 -45 -64 -49 -89 -54 84 50 34 -78 35 56 -58 -55 -47 0 -7 -15 83 -53 58 -77 -25 -53 61 61 19 -58 65 34 -59 46 -7 -86 -1 64 59 27 -81 78 61 -57 -54 31 -44 -28 -49 -100 27 -75 17 75 -45 45 43 54 -90 -7 -28 -62 -82 6 -10 -29 -27 -87 -80 61 47 -50 -93 -7 53 100 
-61 86 -41 -71 69 -58 -77 48 2 -80 17 -25 -8 20 -88 -45 -83 -80 -68 -77 -47 -77 -29 13 6 -37 21 61 -97 19 83 85 -30 75 87 12 -23 -74 11 -63 26 -20 -36 -94 -95 85 69 -26 -88 -50 86 56 -53 -15 8 24 -72 -45 59 -100 -84 81 -92 41 61 83 -48 74 30 86 51 -36 14 -69 96 -15 -3 -78 -66 -40 -26 -10 35 55 12 90 72 70 -29 -29 4 7 -90 -6 37 -66 94 45 -85 -65 
99 -75 57 -97 24 94 -32 91 -82 13 -35 -36 -51 -54 22 -54 80 24 30 -48 89 68 43 66 -96 -94 -62 78 -35 -46 -56 82 -83 55 -58 27 55 56 41 -89 -67 52 85 -14 9 -24 59 -79 -4 -33 -7 -20 -37 55 49 -26 70 -56 -91 -19 -27 -85 -18 -21 -27 99 88 73 -77 67 82 97 91 94 -67 19 29 -87 -99 -79 -33 -16 98 -92 -35 -64 23 30 -39 23 -62 62 6 -69 69 -79 -58 58 -58 -29 
-81 -13 41 44 63 40 37 93 -40 -68 -56 -79 -47 80 68 94 57 -88 -75 92 -26 -33 -82 66 1 -25 2 -92 77 39 -9 -52 82 -46 -36 15 46 -54 38 -67 -71 -27 48 39 -99 -78 -41 -87 95 -85 -1 27 47 -6 -34 4 -83 -78 23 0 -80 -18 5 27 -38 10 -57 53 -49 -48 -96 63 -13 23 -5 6 78 -98 -91 -100 -77 20 -88 -70 43 -10 -13 49 -57 -85 69 42 61 32 -93 -36 -16 61 -100 12 
-57 -9 51 81 69 89 -52 73 82 -70 -12 -63 71 56 -83 -96 -91 27 -52 -88 15 14 7 27 15 -29 -62 3 -98 30 -57 15 59 91 38 -99 -27 47 -56 -60 33 -59 -40 28 -22 40 -79 -93 75 -32 40 58 -40 -99 -80 -91 85 -53 79 23 -96 -23 -43 55 52 92 -32 -66 -57 -48 80 3 -61 15 49 63 85 -32 -47 -41 -63 38 -52 91 -93 -81 80 -62 98 6 -77 47 -11 -45 -36 26 -19 33 92 58 
-13 9 67 -44 48 -72 69 89 -21 -33 -85 -56 -33 -78 -62 8 84 83 -57 80 -79 -66 -35 -18 100 55 51 -64 -94 30 51 31 -18 68 88 -34 -40 -10 -93 26 -5 -66 12 18 -91 -93 -86 -39 51 0 21 -75 82 38 -98 46 -83 10 -2 93 5 34 -15 -56 -32 69 -17 67 -6 -43 -66 84 -64 4 -73 -27 99 48 11 -68 96 -94 -9 58 72 5 0 -100 21 -40 87 -14 17 -71 33 -78 5 65 -66 -91 
14 -98 21 50 -66 74 -46 52 -12 50 -6 -13 35 -51 -56 -87 -72 78 -14 -69 93 39 64 36 -7 33 95 -96 -46 -62 -17 74 -17 -6 -7 27 25 43 5 45 -63 13 18 9 -20 57 -51 -41 12 56 7 -8 57 76 16 59 -34 -27 89 82 36 96 41 -44 11 33 25 99 14 91 -32 -60 78 53 -75 11 49 -29 -63 -15 24 -20 4 -90 79 53 -24 6 -58 -75 92 78 -80 -84 59 5 -76 7 48 97 
88 -27 -75 57 -45 64 -70 28 69 68 93 7 47 -9 -82 57 15 61 96 -15 -100 94 93 83 61 10 -67 62 -35 34 92 71 -53 84 51 82 84 -21 -40 23 65 81 -24 -91 37 9 41 11 -34 -64 16 55 0 -7 -28 -1 -4 46 56 -52 -83 36 94 36 79 82 54 -55 -36 36 -3 -19 -51 68 98 18 85 -89 60 -48 18 8 45 -85 -50 39 -25 58 18 -27 -89 70 79 -79 93 57 21 -42 -72 -34 
-97 6 -49 69 -40 95 -98 83 6 -79 -39 -23 26 -70 -25 72 41 16 -53 66 22 36 -40 -84 -84 98 66 24 7 -39 88 63 72 -46 -16 25 6 90 31 -41 70 -84 -80 25 -56 90 -76 46 -70 -71 -75 -22 -29 -85 -76 22 -95 -59 36 23 -70 5 69 21 47 11 -73 78 49 59 -26 -73 -72 -62 34 -55 -71 -15 76 -85 36 41 -4 -68 -79 -67 13 87 23 -94 -28 63 80 98 45 61 -24 62 -25 -69 
-6 27 -78 -33 -89 -91 79 39 10 69 95 81 17 -48 21 77 65 76 -26 59 -16 36 91 28 73 -45 78 81 13 -37 71 -78 47 89 61 -48 -13 -74 97 48 -49 -61 89 -99 -58 46 68 75 67 56 37 -71 -10 99 77 24 -69 84 17 -94 60 -32 -23 -15 95 -37 19 -15 70 44 -56 -9 9 -80 22 -31 28 56 33 -91 -70 65 -91 -11 -39 -56 99 -32 -13 -28 2 40 71 -16 73 1 38 18 18 55 
-63 6 -21 54 -12 95 -47 28 15 -6 -55 -92 27 49 6 81 90 -47 -40 -73 -79 30 86 67 -91 -99 58 -85 -45 -59 22 41 25 31 -3 90 -86 90 13 28 -59 -71 32 -25 -68 -76 87 69 70 34 -77 73 -86 -45 34 -20 -60 44 -82 -36 88 -48 -32 -1 -56 8 -57 39 -66 -27 24 0 -44 -40 -3 -28 -46 -13 50 54 59 -48 -48 -31 82 25 97 -21 51 -72 -61 -55 -76 -84 47 -89 -90 47 -67 -78 
-4 49 -45 73 -78 40 -78 -14 70 -90 88 42 -13 20 -93 42 57 -2 -73 84 -93 -42 -11 67 69 -84 -6 59 -57 13 -54 -26 84 -57 10 39 0 7 75 -96 -81 89 -17 -99 1 42 -32 68 -41 44 60 -30 31 -93 -83 -68 28 94 21 -64 52 42 -69 -14 1 -1 12 -95 86 -86 2 -7 -76 -13 -71 -24 68 2 -48 76 -5 -47 16 -89 42 -29 -56 74 25 -5 48 -22 -71 34 43 -98 57 24 -93 -26 
-18 71 -31 68 -11 -11 62 68 78 -66 51 48 27 -78 -24 -63 -80 -72 -94 -79 -91 53 -57 71 -24 25 53 -7 -15 100 -93 76 68 -42 95 -31 7 94 93 12 -2 21 78 -77 -95 77 36 89 38 50 -72 3 47 75 -42 51 -7 63 -73 -96 -100 51 0 -99 -55 37 -91 78 -10 -16 -64 41 35 -75 39 79 -41 8 -90 -41 -60 -45 75 0 53 -41 94 -5 72 32 96 100 74 21 -89 -33 64 -58 -49 14 
-29 -10 -67 -55 64 -73 -9 60 90 4 -34 -76 -18 54 31 37 42 12 23 -2 10 -62 37 -5 52 23 18 66 37 -52 -19 -78 6 -9 73 -48 -79 -71 4 -38 -73 51 34 74 -88 84 6 88 -16 -54 52 -39 49 81 -1 43 -32 -9 17 -73 -99 -28 50 93 38 -41 -44 57 -17 89 -56 3 -8 -86 85 94 87 60 15 -97 -34 -34 -77 -93 -90 94 -58 82 10 -67 99 72 72 91 -62 97 -1 -1 57 35 
36 -42 70 -65 -18 -16 49 43 18 -45 -59 88 -98 12 51 -30 65 -67 38 25 66 37 41 -27 -24 -55 14 -96 54 -91 85 62 95 -78 83 -15 -51 -91 62 -59 -65 -27 11 -4 -6 -97 -71 65 50 21 -36 1 2 -32 -6 46 -26 59 71 -92 -10 77 -41 -93 20 83 75 21 74 -56 71 -3 -57 8 -32 -82 99 26 40 58 72 -37 15 -50 63 51 95 -85 -43 -23 53 62 8 79 -57 41 -41 90 46 73 
67 92 -27 80 -43 -8 -13 -70 22 38 -62 -89 36 -49 -92 33 28 -35 21 0 -71 58 20 -62 -75 -26 -54 -8 -61 -81 76 -100 33 -45 16 -8 -69 -45 -69 -25 66 -18 100 -11 -43 27 -71 -77 -49 92 -55 -72 -47 -38 47 -13 27 -49 -49 -30 100 -19 23 -17 -7 52 -99 77 61 31 -88 77 81 88 21 -87 17 56 61 86 -15 72 5 74 -22 -85 26 -40 54 -56 25 34 25 -38 -93 -22 -60 -78 -45 -6 
0 -30 -83 -28 22 -13 -89 83 -65 -11 -43 76 28 8 20 12 -26 35 -71 -4 95 -35 64 -3 -93 -53 -4 80 -54 0 53 3 62 87 -45 72 58 78 15 53 75 29 58 -12 17 5 46 -96 -35 -78 78 31 3 5 98 50 -9 70 14 -3 -21 -80 -89 -74 60 -94 -77 -3 61 -55 -9 -71 66 -82 19 92 -3 58 98 -37 58 70 29 97 97 49 -50 83 -49 74 84 36 -26 -3 39 -48 -99 -86 -73 79 
-38 -25 22 -8 81 94 -48 50 -70 89 49 64 -86 -82 -25 16 -52 70 -31 -67 98 82 14 -98 -37 -15 10 1 -48 76 -21 99 28 -79 65 -96 99 -72 -73 -51 -1 -53 -21 -41 -21 69 8 -71 -88 -80 27 95 -61 -98 -100 0 -68 94 27 -39 -4 -15 -10 95 39 -27 -7 -1 76 -53 -54 -63 -86 57 10 -20 -13 54 -49 35 48 -59 74 -95 13 -100 31 -90 81 66 -6 -60 54 -18 -21 60 29 82 -10 86 
-77 63 33 95 -70 -49 78 -73 50 68 -79 15 -48 95 90 -44 22 63 -39 37 -54 -7 -66 0 94 -29 -90 84 31 18 -11 -84 -2 -4 90 -47 -89 65 -28 30 -15 -53 -34 95 -45 -38 42 -93 -30 62 45 -75 -1 -89 -65 48 -99 -39 56 -20 100 -44 17 -100 36 -20 71 80 -83 75 57 18 46 -90 51 -72 -90 -91 82 -65 81 40 4 6 100 43 -70 63 -81 76 -44 -77 44 -6 29 -5 -97 -62 92 -72 
-68 -5 0 -42 -62 -76 4 -31 54 83 -80 -72 86 -21 -23 -69 22 43 45 60 32 -36 -26 -10 -22 -15 27 -17 96 -81 -55 55 84 82 43 -12 -37 16 16 63 -92 94 100 59 90 13 -59 -65 6 -55 -53 -21 -89 -33 -31 -64 -29 -16 85 20 68 15 68 55 67 43 -87 -14 87 57 63 -73 96 85 9 -54 -8 63 -19 -65 -38 -26 1 -63 -27 32 54 90 -22 -48 67 -29 96 -98 81 86 -82 -51 -95 -10 
-35 33 -40 -65 52 -52 -71 -8 18 -22 -96 -28 58 75 35 -92 17 -42 -36 -88 73 -99 90 85 81 85 55 -5 -93 -72 22 37 -7 97 -6 -22 -36 -94 -19 -60 75 27 8 -30 50 38 93 54 -61 6 26 -31 -7 77 93 -22 -35 77 21 -32 -5 -2 25 -34 95 -40 -58 59 -75 36 -60 -45 99 15 43 -39 -66 -25 -57 -10 -35 -62 57 -99 -59 96 -27 91 -13 85 0 46 -82 19 8 -93 -24 -73 -6 -41 
20 100 48 7 17 6 -82 16 -73 81 -70 -63 -8 -9 35 -38 4 -58 -33 89 68 -53 5 -93 -69 24 15 48 -77 -25 71 -98 61 23 62 -51 -79 69 63 -52 5 18 51 91 -20 51 -92 29 -73 -11 -77 7 -69 55 48 15 43 -6 49 -31 60 44 -55 72 51 -100 -79 26 39 60 38 81 -43 -65 57 -2 36 -8 -61 -52 -75 5 76 81 79 9 27 65 92 -41 -29 34 20 41 -76 -17 36 70 -47 95 
86 -42 47 94 -31 47 5 -94 -6 -23 -100 -20 -72 -29 90 -9 -76 -98 15 85 -31 56 -46 -12 -67 -46 -83 -84 -19 22 -81 -67 92 19 72 4 -28 -57 38 11 -61 88 -22 -42 -4 -27 -3 71 52 47 -42 60 41 16 -99 -37 70 88 82 -54 4 -6 22 -63 68 -96 -9 65 54 -43 -74 6 25 -91 -30 -10 1 -31 -78 24 -42 -56 -62 28 -65 4 -16 30 89 4 88 22 -31 -61 51 -19 11 -30 -78 70 
16 -33 32 52 40 48 -11 4 84 -30 79 31 22 -59 -76 25 -30 15 3 -93 99 -38 -88 40 -52 -22 48 -89 56 20 14 42 44 -69 66 59 38 96 -5 -23 -78 0 30 57 32 -76 84 16 96 71 -94 -51 -15 12 -20 -73 -72 -37 -96 -93 99 7 -18 28 72 -97 -72 83 -67 43 98 11 28 -82 -55 63 24 -47 -60 -71 -41 -16 68 79 89 35 -44 50 21 -61 63 6 -50 53 84 -91 20 95 -12 -32 
93 -80 -90 -38 93 53 -21 -40 73 99 -51 -82 -4 42 -25 57 42 -9 30 -73 -69 -88 10 78 29 -60 93 11 -84 98 11 -13 44 -71 64 -44 -64 -84 24 74 -55 -12 -19 -57 62 -54 80 -76 23 54 16 -38 -19 59 31 -28 2 23 -12 18 96 58 99 23 -80 -79 98 26 4 -20 -24 37 5 -7 3 -97 71 38 -31 14 27 -80 83 44 -62 -94 -94 88 -85 95 32 -2 -27 2 -20 5 67 27 97 -86 
43 -33 -50 41 -49 -26 -63 -40 48 77 47 -84 -65 56 46 97 -25 -99 -79 -39 -6 80 0 -43 16 -43 56 -6 -84 72 -91 -11 24 8 -71 -52 93 -9 99 -82 10 3 19 2 60 5 -5 -47 6 61 55 -91 -37 -22 -19 -7 -5 98 -31 46 -89 76 60 -72 -98 -97 -17 2 -93 -21 -78 -37 82 -84 -49 -33 -13 -89 100 -62 -93 -98 34 -85 23 52 -90 -12 19 25 34 -1 -67 66 14 -80 79 68 -37 95 
8 35 -27 -61 -38 0 -24 -23 -28 -61 49 -50 10 -59 74 63 -1 22 74 -39 46 23 41 15 -43 -21 32 -67 -38 24 42 1 -62 12 90 -57 -46 -85 -7 17 -57 -48 39 22 48 -48 -37 -83 8 -16 -87 72 99 10 74 27 100 55 -19 19 -2 65 -68 13 -25 38 94 -100 -3 27 -20 58 -51 78 19 -35 -4 61 62 -28 -1 31 56 -62 -26 -84 16 -55 93 -94 51 -32 -19 82 -4 -2 27 68 -37 -87 
64 70 37 48 90 -20 71 -7 -30 -76 -94 87 17 -39 1 -70 75 66 22 45 -37 -62 85 -14 78 -13 -33 -33 58 -1 13 -58 -2 -7 83 39 -15 93 -96 -99 -53 -28 -40 -11 -99 55 9 -9 34 69 78 -68 -64 -34 -68 57 -91 -7 74 -100 56 -43 -52 97 23 99 -84 -18 -22 -79 -20 -11 82 -98 -22 -51 11 -59 68 -100 68 -2 -85 -93 78 29 36 7 -37 -55 54 -24 -67 69 -20 22 -97 83 -62 -4 
-98 -57 -20 -73 -29 16 99 89 86 -45 94 63 -59 -56 31 33 21 1 -80 -7 -89 21 -10 30 -83 56 49 43 32 72 51 -89 55 79 26 -79 -32 -47 -52 -77 86 84 -29 83 91 -43 -8 5 -13 -4 46 -85 -71 -72 4 -37 90 -86 -9 -83 30 -26 -24 59 11 -31 27 0 99 15 -1 30 67 76 51 -91 -84 9 31 46 -3 -72 61 47 -35 -45 -50 14 -69 50 19 77 81 60 -92 -56 -85 13 -30 -4 
88 -71 30 63 -80 79 -94 37 -4 -39 -19 84 -67 97 45 57 88 -97 48 65 -28 -9 49 -38 23 65 -94 25 74 -50 93 75 -27 -11 85 64 46 -67 -67 -71 42 -94 79 -10 -43 52 -84 -97 -48 -9 60 0 34 -74 61 57 14 -6 -22 19 -17 -34 71 61 19 -23 -4 -40 -87 73 -18 -66 -42 72 18 -54 -91 24 49 -61 -84 -97 9 28 -32 -89 -75 49 -37 9 -10 -74 12 -100 -10 89 94 62 73 36 
-81 30 14 69 -45 -56 74 -87 -88 -90 17 -37 -31 -74 40 -19 -95 45 -81 -94 -9 -75 19 -56 -100 52 -97 -47 -40 -58 73 95 74 9 -13 -93 -80 -59 -79 -91 -12 59 51 -65 -94 83 -4 -41 79 30 56 -40 41 75 -91 30 34 -4 70 -44 14 88 -86 33 -1 64 -6 89 -70 14 25 -43 -94 -28 -93 -74 -28 -11 -23 -3 15 36 -16 -27 3 59 -78 -83 -22 23 -65 17 62 -15 26 33 87 36 11 81 
26 13 -97 52 -10 89 -78 48 -89 54 -8 -77 -73 -1 39 -85 19 -85 62 -97 -44 80 66 -7 -5 -4 67 -92 -30 76 56 -80 -75 76 30 -99 -79 99 15 -23 64 -84 84 -4 89 -6 -65 82 -79 7 -99 94 -6 54 23 8 67 -16 -56 20 7 73 -86 94 -13 -26 -36 42 -13 -77 53 -93 -33 88 -29 -25 -19 21 22 53 12 -70 -21 -40 -13 29 -75 6 37 -3 44 -67 39 48 45 -45 22 6 30 -44 
30 34 -86 -50 -72 71 -44 72 78 55 -19 98 22 -1 -55 -93 -17 96 38 98 42 -91 9 92 8 42 55 23 -23 16 40 66 0 -15 -82 -9 37 82 20 -94 -53 32 32 68 -4 -86 -50 81 60 -54 -59 -76 -94 -92 -10 -37 19 -43 0 -43 74 17 -36 -82 -20 -67 86 -33 -59 57 -76 82 56 -52 -51 16 -17 -83 60 -38 9 -46 -1 23 -66 -17 66 21 -68 53 -36 -70 1 -73 -63 -64 12 99 -11 -80 
-65 -54 45 6 -96 52 51 36 -93 82 74 -92 -23 39 -17 -75 80 -9 -4 -94 24 82 56 -57 -13 29 46 -78 61 -3 -27 74 0 10 -14 -94 -91 96 89 86 49 -6 -3 81 -61 -71 -12 -64 -19 71 -91 56 87 99 -58 31 -93 -95 -83 -33 48 -71 57 73 58 77 8 55 89 -100 19 70 -48 -31 -47 1 -13 -33 23 -44 -20 -76 -33 26 8 -14 66 -78 -34 32 -34 72 -55 73 -79 6 -4 -36 -100 69 
21 -22 -15 72 64 32 -88 32 -99 -38 73 -87 34 -84 -22 -1 -12 78 83 -57 -99 33 -53 47 -34 -57 23 -83 -40 44 45 67 -81 69 33 79 50 -44 7 27 -46 72 71 67 58 88 -27 22 5 17 72 7 -91 38 18 59 56 -90 -96 -92 77 -69 12 -59 -24 71 61 -7 31 -72 79 -68 -94 -30 -84 -94 -30 -17 67 16 4 -33 83 -27 18 57 56 -31 -8 86 71 -43 -87 5 -59 -94 57 48 -1 -60 
26 -98 88 29 65 60 13 -81 -18 -36 8 88 -41 58 88 -51 51 -59 -45 -33 65 87 54 74 43 39 53 -54 99 -76 93 75 -91 -76 -3 51 -52 69 63 -14 100 1 17 -70 -77 -80 82 51 -43 -13 61 -94 50 -47 30 64 32 80 83 93 44 -80 50 74 79 90 -60 88 -36 67 -92 2 53 -1 -18 -33 -7 -72 -53 -93 81 79 94 11 97 -2 -90 47 -36 -53 99 -40 3 -26 -77 31 -13 10 -98 100 
-77 -41 26 -84 64 -87 -13 -62 -98 25 40 39 100 81 42 -42 55 67 90 79 -7 -55 -90 81 -48 15 -63 98 -21 -60 9 -30 73 0 -55 42 -80 -77 -34 -35 -73 22 -99 -40 -68 -76 25 67 14 80 -90 69 -42 44 72 -47 0 65 -46 -48 3 23 18 -25 88 -95 -89 -68 86 -64 6 41 -8 -35 56 53 -93 70 -81 -65 52 -66 -80 -8 11 1 55 16 -16 62 52 95 34 98 -32 0 76 -63 8 57 
34 53 -50 85 97 34 -20 -75 -71 -30 64 -28 57 -9 57 73 15 73 19 -38 38 -77 -100 64 41 12 46 -98 49 58 -95 14 74 94 -81 53 5 30 48 -28 25 -15 -74 52 28 -50 91 12 60 7 -59 -14 -44 -38 16 58 79 -88 -87 -96 -84 -67 72 80 89 50 61 -48 -87 -54 2 19 -21 84 14 15 -49 97 54 78 -51 11 86 81 -6 -32 63 49 -42 -4 -67 85 -20 74 -47 -18 -16 67 20 -32 
-27 -20 84 -4 7 -78 -14 94 -99 -11 35 34 -79 95 -78 -5 13 11 -66 31 30 94 -50 42 -89 45 -24 71 -19 -21 -55 7 49 61 -91 39 82 -63 -77 -72 -39 -24 -20 -48 -22 -84 -78 11 60 -48 -8 -2 -54 30 -43 94 -50 -80 38 -76 -75 4 33 1 44 -100 -93 5 24 -1 24 -51 -96 -82 8 44 -30 31 24 -18 58 3 -95 -15 -57 49 -23 -86 68 45 65 2 21 80 -70 -18 -29 -6 -26 47 
-62 -2 -31 -85 -63 -72 -26 -40 -60 46 1 94 -40 -61 -83 16 59 61 37 68 -73 46 -71 5 65 84 28 38 46 -6 -88 42 -55 43 -53 -24 59 80 -49 22 5 98 -31 -32 4 -100 -69 75 -48 -60 -8 -45 85 -51 -12 -35 -1 -92 72 61 10 -55 -19 85 11 67 -99 -33 -54 97 17 85 37 37 -71 25 -94 50 89 -39 95 47 -6 81 -11 71 4 -50 93 30 10 -60 -32 -45 -55 83 37 -29 -62 76 
-81 -56 -21 -81 35 -78 -83 66 71 -99 -35 17 5 78 28 87 8 66 56 -13 -22 40 -38 -52 26 54 93 -84 8 -19 -6 3 -40 7 -17 79 -30 86 40 -67 94 83 -65 100 -42 -42 -35 36 74 -6 -82 29 -87 -43 -60 -69 56 68 3 -70 49 73 41 -62 28 12 65 50 -23 84 -65 67 -55 -27 78 42 70 62 96 54 -72 85 -20 -98 -63 4 -58 31 12 -68 36 -33 23 -31 -81 -85 -39 93 49 -5 
47 -68 6 99 -61 46 91 -86 38 -27 31 -87 -46 8 57 63 4 -47 -66 -47 -78 -27 -45 76 100 -16 24 -29 45 -3 47 19 85 -84 -88 87 96 -4 49 11 -45 60 -21 99 -93 76 -39 73 31 68 -96 36 50 80 -46 -12 19 25 6 -60 28 -6 -25 -8 -6 94 -77 65 -92 -4 -9 -42 -47 -17 25 -5 47 -100 -70 -38 64 5 32 100 31 -33 1 -56 -75 -84 47 -68 -25 4 -24 85 -21 85 -100 75 
24 52 -87 -48 -46 5 -23 17 95 90 -70 -31 -22 73 -86 -19 -37 -36 -35 40 -21 -96 -70 -42 -93 57 -46 -2 50 -84 -69 15 65 -92 40 -80 22 72 -51 78 -53 -18 -56 -98 -59 55 88 -75 35 44 70 -66 -12 15 15 -78 60 61 -70 18 11 -25 80 -41 -71 53 41 16 27 81 -17 69 1 87 70 -1 -18 65 89 -80 92 29 1 78 41 37 -31 39 -25 -50 65 94 64 -13 44 84 -76 84 83 -21 
-21 27 -34 -60 74 66 68 -86 31 -45 -52 21 -92 22 99 -52 -47 46 20 -37 -36 70 42 -62 -3 -84 -58 -42 -24 70 88 62 -94 -74 0 63 54 -62 -65 78 70 -67 48 38 -33 23 -86 -29 72 -52 93 -83 24 -50 -85 -57 -8 -93 -89 -81 -44 -67 -33 -31 35 -91 -74 48 60 68 18 21 86 23 79 97 7 27 81 -33 54 -33 -90 -48 19 -3 81 -11 -67 -61 -48 27 65 -85 -38 -37 72 -98 63 66 
64 -59 54 17 -48 -52 -48 -82 -44 -12 84 14 82 57 -89 -89 -67 -54 4 -95 72 9 81 -90 60 58 8 34 -27 7 46 22 82 58 -48 -3 -56 45 100 -49 -1 -29 40 -18 68 42 -33 -61 96 -82 26 74 -31 -77 84 -53 3 66 -25 14 100 30 20 -34 20 59 62 -8 29 -91 49 62 11 -3 -26 84 -21 10 -83 -89 -42 70 52 -52 -63 90 32 -16 32 41 3 29 39 48 78 18 30 -75 -77 -24 
-47 -5 -39 -22 88 11 10 65 44 77 -9 -49 70 29 -41 -6 -21 38 77 -31 -45 -42 -37 -86 -88 -79 68 85 -79 -24 -89 -40 3 88 -19 38 38 -19 -71 4 40 24 74 -88 42 -5 -74 29 -48 -6 -75 89 42 -59 53 -58 -59 -49 47 -7 -9 -92 6 -21 15 14 38 -21 -57 -87 68 39 38 82 21 -68 -47 -33 -83 -98 43 -55 68 53 -60 33 -50 -66 -7 15 -86 -38 19 81 61 26 98 -33 77 46 
-82 57 -76 -21 21 45 -18 26 -99 -44 -90 45 -48 -97 -87 -91 36 -89 -53 18 53 88 55 52 71 48 53 -30 -20 -56 -8 12 94 51 69 -20 -95 -16 83 2 98 78 -28 15 97 7 -67 57 0 76 59 69 -36 19 -87 46 7 49 -52 -15 61 -26 -70 49 87 60 72 -87 -71 0 54 21 60 66 96 42 -41 -51 -64 8 -63 -82 77 -56 -96 1 -60 43 -55 -18 91 11 -78 -28 22 48 98 92 -4 -60 
64 -13 48 68 -67 -73 87 -16 72 75 -20 10 -9 -16 -87 -68 52 53 84 -28 -59 100 -39 -72 21 66 -34 18 -95 -23 41 57 -78 10 52 16 39 -77 95 -10 -100 37 -58 36 84 26 96 -26 -21 -74 20 -40 -62 74 97 -98 -100 -16 75 -94 -19 65 -25 -100 -69 -67 63 -58 91 25 -30 -28 -39 -38 -16 -65 100 -60 -63 -12 77 -72 36 -81 -85 84 -42 -85 -10 68 30 4 -48 76 -92 -65 35 -69 -63 54 
-43 27 95 1 37 27 -65 -33 7 39 -34 -42 54 0 8 40 67 69 -60 35 91 -5 -13 22 -74 -1 -64 0 66 84 -45 23 51 92 -38 -68 -22 -71 -42 80 84 -100 85 -7 91 -35 86 24 72 83 70 44 93 15 -24 0 -31 72 -6 -99 -4 -87 71 82 -30 -8 -87 79 -55 16 1 5 -65 45 53 -43 -46 10 83 68 -47 -68 -98 -56 -32 55 25 -12 52 91 -22 -85 -97 42 3 75 16 78 84 33 
